"Theta [deg]","GainTotal [] - Freq='0.074GHz' Phi='0deg'","GainTotal [] - Freq='0.074GHz' Phi='1deg'","GainTotal [] - Freq='0.074GHz' Phi='2deg'","GainTotal [] - Freq='0.074GHz' Phi='3deg'","GainTotal [] - Freq='0.074GHz' Phi='4deg'","GainTotal [] - Freq='0.074GHz' Phi='5deg'","GainTotal [] - Freq='0.074GHz' Phi='6deg'","GainTotal [] - Freq='0.074GHz' Phi='7deg'","GainTotal [] - Freq='0.074GHz' Phi='8deg'","GainTotal [] - Freq='0.074GHz' Phi='9deg'","GainTotal [] - Freq='0.074GHz' Phi='10deg'","GainTotal [] - Freq='0.074GHz' Phi='11deg'","GainTotal [] - Freq='0.074GHz' Phi='12deg'","GainTotal [] - Freq='0.074GHz' Phi='13deg'","GainTotal [] - Freq='0.074GHz' Phi='14deg'","GainTotal [] - Freq='0.074GHz' Phi='15deg'","GainTotal [] - Freq='0.074GHz' Phi='16deg'","GainTotal [] - Freq='0.074GHz' Phi='17deg'","GainTotal [] - Freq='0.074GHz' Phi='18deg'","GainTotal [] - Freq='0.074GHz' Phi='19deg'","GainTotal [] - Freq='0.074GHz' Phi='20deg'","GainTotal [] - Freq='0.074GHz' Phi='21deg'","GainTotal [] - Freq='0.074GHz' Phi='22deg'","GainTotal [] - Freq='0.074GHz' Phi='23deg'","GainTotal [] - Freq='0.074GHz' Phi='24deg'","GainTotal [] - Freq='0.074GHz' Phi='25deg'","GainTotal [] - Freq='0.074GHz' Phi='26deg'","GainTotal [] - Freq='0.074GHz' Phi='27deg'","GainTotal [] - Freq='0.074GHz' Phi='28deg'","GainTotal [] - Freq='0.074GHz' Phi='29deg'","GainTotal [] - Freq='0.074GHz' Phi='30deg'","GainTotal [] - Freq='0.074GHz' Phi='31deg'","GainTotal [] - Freq='0.074GHz' Phi='32deg'","GainTotal [] - Freq='0.074GHz' Phi='33deg'","GainTotal [] - Freq='0.074GHz' Phi='34deg'","GainTotal [] - Freq='0.074GHz' Phi='35deg'","GainTotal [] - Freq='0.074GHz' Phi='36deg'","GainTotal [] - Freq='0.074GHz' Phi='37deg'","GainTotal [] - Freq='0.074GHz' Phi='38deg'","GainTotal [] - Freq='0.074GHz' Phi='39deg'","GainTotal [] - Freq='0.074GHz' Phi='40deg'","GainTotal [] - Freq='0.074GHz' Phi='41deg'","GainTotal [] - Freq='0.074GHz' Phi='42deg'","GainTotal [] - Freq='0.074GHz' Phi='43deg'","GainTotal [] - Freq='0.074GHz' Phi='44deg'","GainTotal [] - Freq='0.074GHz' Phi='45deg'","GainTotal [] - Freq='0.074GHz' Phi='46deg'","GainTotal [] - Freq='0.074GHz' Phi='47deg'","GainTotal [] - Freq='0.074GHz' Phi='48deg'","GainTotal [] - Freq='0.074GHz' Phi='49deg'","GainTotal [] - Freq='0.074GHz' Phi='50deg'","GainTotal [] - Freq='0.074GHz' Phi='51deg'","GainTotal [] - Freq='0.074GHz' Phi='52deg'","GainTotal [] - Freq='0.074GHz' Phi='53deg'","GainTotal [] - Freq='0.074GHz' Phi='54deg'","GainTotal [] - Freq='0.074GHz' Phi='55deg'","GainTotal [] - Freq='0.074GHz' Phi='56deg'","GainTotal [] - Freq='0.074GHz' Phi='57deg'","GainTotal [] - Freq='0.074GHz' Phi='58deg'","GainTotal [] - Freq='0.074GHz' Phi='59deg'","GainTotal [] - Freq='0.074GHz' Phi='60deg'","GainTotal [] - Freq='0.074GHz' Phi='61deg'","GainTotal [] - Freq='0.074GHz' Phi='62deg'","GainTotal [] - Freq='0.074GHz' Phi='63deg'","GainTotal [] - Freq='0.074GHz' Phi='64deg'","GainTotal [] - Freq='0.074GHz' Phi='65deg'","GainTotal [] - Freq='0.074GHz' Phi='66deg'","GainTotal [] - Freq='0.074GHz' Phi='67deg'","GainTotal [] - Freq='0.074GHz' Phi='68deg'","GainTotal [] - Freq='0.074GHz' Phi='69deg'","GainTotal [] - Freq='0.074GHz' Phi='70deg'","GainTotal [] - Freq='0.074GHz' Phi='71deg'","GainTotal [] - Freq='0.074GHz' Phi='72deg'","GainTotal [] - Freq='0.074GHz' Phi='73deg'","GainTotal [] - Freq='0.074GHz' Phi='74deg'","GainTotal [] - Freq='0.074GHz' Phi='75deg'","GainTotal [] - Freq='0.074GHz' Phi='76deg'","GainTotal [] - Freq='0.074GHz' Phi='77deg'","GainTotal [] - Freq='0.074GHz' Phi='78deg'","GainTotal [] - Freq='0.074GHz' Phi='79deg'","GainTotal [] - Freq='0.074GHz' Phi='80deg'","GainTotal [] - Freq='0.074GHz' Phi='81deg'","GainTotal [] - Freq='0.074GHz' Phi='82deg'","GainTotal [] - Freq='0.074GHz' Phi='83deg'","GainTotal [] - Freq='0.074GHz' Phi='84deg'","GainTotal [] - Freq='0.074GHz' Phi='85deg'","GainTotal [] - Freq='0.074GHz' Phi='86deg'","GainTotal [] - Freq='0.074GHz' Phi='87deg'","GainTotal [] - Freq='0.074GHz' Phi='88deg'","GainTotal [] - Freq='0.074GHz' Phi='89deg'","GainTotal [] - Freq='0.074GHz' Phi='90deg'","GainTotal [] - Freq='0.074GHz' Phi='91deg'","GainTotal [] - Freq='0.074GHz' Phi='92deg'","GainTotal [] - Freq='0.074GHz' Phi='93deg'","GainTotal [] - Freq='0.074GHz' Phi='94deg'","GainTotal [] - Freq='0.074GHz' Phi='95deg'","GainTotal [] - Freq='0.074GHz' Phi='96deg'","GainTotal [] - Freq='0.074GHz' Phi='97deg'","GainTotal [] - Freq='0.074GHz' Phi='98deg'","GainTotal [] - Freq='0.074GHz' Phi='99deg'","GainTotal [] - Freq='0.074GHz' Phi='100deg'","GainTotal [] - Freq='0.074GHz' Phi='101deg'","GainTotal [] - Freq='0.074GHz' Phi='102deg'","GainTotal [] - Freq='0.074GHz' Phi='103deg'","GainTotal [] - Freq='0.074GHz' Phi='104deg'","GainTotal [] - Freq='0.074GHz' Phi='105deg'","GainTotal [] - Freq='0.074GHz' Phi='106deg'","GainTotal [] - Freq='0.074GHz' Phi='107deg'","GainTotal [] - Freq='0.074GHz' Phi='108deg'","GainTotal [] - Freq='0.074GHz' Phi='109deg'","GainTotal [] - Freq='0.074GHz' Phi='110deg'","GainTotal [] - Freq='0.074GHz' Phi='111deg'","GainTotal [] - Freq='0.074GHz' Phi='112deg'","GainTotal [] - Freq='0.074GHz' Phi='113deg'","GainTotal [] - Freq='0.074GHz' Phi='114deg'","GainTotal [] - Freq='0.074GHz' Phi='115deg'","GainTotal [] - Freq='0.074GHz' Phi='116deg'","GainTotal [] - Freq='0.074GHz' Phi='117deg'","GainTotal [] - Freq='0.074GHz' Phi='118deg'","GainTotal [] - Freq='0.074GHz' Phi='119deg'","GainTotal [] - Freq='0.074GHz' Phi='120deg'","GainTotal [] - Freq='0.074GHz' Phi='121deg'","GainTotal [] - Freq='0.074GHz' Phi='122deg'","GainTotal [] - Freq='0.074GHz' Phi='123deg'","GainTotal [] - Freq='0.074GHz' Phi='124deg'","GainTotal [] - Freq='0.074GHz' Phi='125deg'","GainTotal [] - Freq='0.074GHz' Phi='126deg'","GainTotal [] - Freq='0.074GHz' Phi='127deg'","GainTotal [] - Freq='0.074GHz' Phi='128deg'","GainTotal [] - Freq='0.074GHz' Phi='129deg'","GainTotal [] - Freq='0.074GHz' Phi='130deg'","GainTotal [] - Freq='0.074GHz' Phi='131deg'","GainTotal [] - Freq='0.074GHz' Phi='132deg'","GainTotal [] - Freq='0.074GHz' Phi='133deg'","GainTotal [] - Freq='0.074GHz' Phi='134deg'","GainTotal [] - Freq='0.074GHz' Phi='135deg'","GainTotal [] - Freq='0.074GHz' Phi='136deg'","GainTotal [] - Freq='0.074GHz' Phi='137deg'","GainTotal [] - Freq='0.074GHz' Phi='138deg'","GainTotal [] - Freq='0.074GHz' Phi='139deg'","GainTotal [] - Freq='0.074GHz' Phi='140deg'","GainTotal [] - Freq='0.074GHz' Phi='141deg'","GainTotal [] - Freq='0.074GHz' Phi='142deg'","GainTotal [] - Freq='0.074GHz' Phi='143deg'","GainTotal [] - Freq='0.074GHz' Phi='144deg'","GainTotal [] - Freq='0.074GHz' Phi='145deg'","GainTotal [] - Freq='0.074GHz' Phi='146deg'","GainTotal [] - Freq='0.074GHz' Phi='147deg'","GainTotal [] - Freq='0.074GHz' Phi='148deg'","GainTotal [] - Freq='0.074GHz' Phi='149deg'","GainTotal [] - Freq='0.074GHz' Phi='150deg'","GainTotal [] - Freq='0.074GHz' Phi='151deg'","GainTotal [] - Freq='0.074GHz' Phi='152deg'","GainTotal [] - Freq='0.074GHz' Phi='153deg'","GainTotal [] - Freq='0.074GHz' Phi='154deg'","GainTotal [] - Freq='0.074GHz' Phi='155deg'","GainTotal [] - Freq='0.074GHz' Phi='156deg'","GainTotal [] - Freq='0.074GHz' Phi='157deg'","GainTotal [] - Freq='0.074GHz' Phi='158deg'","GainTotal [] - Freq='0.074GHz' Phi='159deg'","GainTotal [] - Freq='0.074GHz' Phi='160deg'","GainTotal [] - Freq='0.074GHz' Phi='161deg'","GainTotal [] - Freq='0.074GHz' Phi='162deg'","GainTotal [] - Freq='0.074GHz' Phi='163deg'","GainTotal [] - Freq='0.074GHz' Phi='164deg'","GainTotal [] - Freq='0.074GHz' Phi='165deg'","GainTotal [] - Freq='0.074GHz' Phi='166deg'","GainTotal [] - Freq='0.074GHz' Phi='167deg'","GainTotal [] - Freq='0.074GHz' Phi='168deg'","GainTotal [] - Freq='0.074GHz' Phi='169deg'","GainTotal [] - Freq='0.074GHz' Phi='170deg'","GainTotal [] - Freq='0.074GHz' Phi='171deg'","GainTotal [] - Freq='0.074GHz' Phi='172deg'","GainTotal [] - Freq='0.074GHz' Phi='173deg'","GainTotal [] - Freq='0.074GHz' Phi='174deg'","GainTotal [] - Freq='0.074GHz' Phi='175deg'","GainTotal [] - Freq='0.074GHz' Phi='176deg'","GainTotal [] - Freq='0.074GHz' Phi='177deg'","GainTotal [] - Freq='0.074GHz' Phi='178deg'","GainTotal [] - Freq='0.074GHz' Phi='179deg'","GainTotal [] - Freq='0.074GHz' Phi='180deg'","GainTotal [] - Freq='0.074GHz' Phi='181deg'","GainTotal [] - Freq='0.074GHz' Phi='182deg'","GainTotal [] - Freq='0.074GHz' Phi='183deg'","GainTotal [] - Freq='0.074GHz' Phi='184deg'","GainTotal [] - Freq='0.074GHz' Phi='185deg'","GainTotal [] - Freq='0.074GHz' Phi='186deg'","GainTotal [] - Freq='0.074GHz' Phi='187deg'","GainTotal [] - Freq='0.074GHz' Phi='188deg'","GainTotal [] - Freq='0.074GHz' Phi='189deg'","GainTotal [] - Freq='0.074GHz' Phi='190deg'","GainTotal [] - Freq='0.074GHz' Phi='191deg'","GainTotal [] - Freq='0.074GHz' Phi='192deg'","GainTotal [] - Freq='0.074GHz' Phi='193deg'","GainTotal [] - Freq='0.074GHz' Phi='194deg'","GainTotal [] - Freq='0.074GHz' Phi='195deg'","GainTotal [] - Freq='0.074GHz' Phi='196deg'","GainTotal [] - Freq='0.074GHz' Phi='197deg'","GainTotal [] - Freq='0.074GHz' Phi='198deg'","GainTotal [] - Freq='0.074GHz' Phi='199deg'","GainTotal [] - Freq='0.074GHz' Phi='200deg'","GainTotal [] - Freq='0.074GHz' Phi='201deg'","GainTotal [] - Freq='0.074GHz' Phi='202deg'","GainTotal [] - Freq='0.074GHz' Phi='203deg'","GainTotal [] - Freq='0.074GHz' Phi='204deg'","GainTotal [] - Freq='0.074GHz' Phi='205deg'","GainTotal [] - Freq='0.074GHz' Phi='206deg'","GainTotal [] - Freq='0.074GHz' Phi='207deg'","GainTotal [] - Freq='0.074GHz' Phi='208deg'","GainTotal [] - Freq='0.074GHz' Phi='209deg'","GainTotal [] - Freq='0.074GHz' Phi='210deg'","GainTotal [] - Freq='0.074GHz' Phi='211deg'","GainTotal [] - Freq='0.074GHz' Phi='212deg'","GainTotal [] - Freq='0.074GHz' Phi='213deg'","GainTotal [] - Freq='0.074GHz' Phi='214deg'","GainTotal [] - Freq='0.074GHz' Phi='215deg'","GainTotal [] - Freq='0.074GHz' Phi='216deg'","GainTotal [] - Freq='0.074GHz' Phi='217deg'","GainTotal [] - Freq='0.074GHz' Phi='218deg'","GainTotal [] - Freq='0.074GHz' Phi='219deg'","GainTotal [] - Freq='0.074GHz' Phi='220deg'","GainTotal [] - Freq='0.074GHz' Phi='221deg'","GainTotal [] - Freq='0.074GHz' Phi='222deg'","GainTotal [] - Freq='0.074GHz' Phi='223deg'","GainTotal [] - Freq='0.074GHz' Phi='224deg'","GainTotal [] - Freq='0.074GHz' Phi='225deg'","GainTotal [] - Freq='0.074GHz' Phi='226deg'","GainTotal [] - Freq='0.074GHz' Phi='227deg'","GainTotal [] - Freq='0.074GHz' Phi='228deg'","GainTotal [] - Freq='0.074GHz' Phi='229deg'","GainTotal [] - Freq='0.074GHz' Phi='230deg'","GainTotal [] - Freq='0.074GHz' Phi='231deg'","GainTotal [] - Freq='0.074GHz' Phi='232deg'","GainTotal [] - Freq='0.074GHz' Phi='233deg'","GainTotal [] - Freq='0.074GHz' Phi='234deg'","GainTotal [] - Freq='0.074GHz' Phi='235deg'","GainTotal [] - Freq='0.074GHz' Phi='236deg'","GainTotal [] - Freq='0.074GHz' Phi='237deg'","GainTotal [] - Freq='0.074GHz' Phi='238deg'","GainTotal [] - Freq='0.074GHz' Phi='239deg'","GainTotal [] - Freq='0.074GHz' Phi='240deg'","GainTotal [] - Freq='0.074GHz' Phi='241deg'","GainTotal [] - Freq='0.074GHz' Phi='242deg'","GainTotal [] - Freq='0.074GHz' Phi='243deg'","GainTotal [] - Freq='0.074GHz' Phi='244deg'","GainTotal [] - Freq='0.074GHz' Phi='245deg'","GainTotal [] - Freq='0.074GHz' Phi='246deg'","GainTotal [] - Freq='0.074GHz' Phi='247deg'","GainTotal [] - Freq='0.074GHz' Phi='248deg'","GainTotal [] - Freq='0.074GHz' Phi='249deg'","GainTotal [] - Freq='0.074GHz' Phi='250deg'","GainTotal [] - Freq='0.074GHz' Phi='251deg'","GainTotal [] - Freq='0.074GHz' Phi='252deg'","GainTotal [] - Freq='0.074GHz' Phi='253deg'","GainTotal [] - Freq='0.074GHz' Phi='254deg'","GainTotal [] - Freq='0.074GHz' Phi='255deg'","GainTotal [] - Freq='0.074GHz' Phi='256deg'","GainTotal [] - Freq='0.074GHz' Phi='257deg'","GainTotal [] - Freq='0.074GHz' Phi='258deg'","GainTotal [] - Freq='0.074GHz' Phi='259deg'","GainTotal [] - Freq='0.074GHz' Phi='260deg'","GainTotal [] - Freq='0.074GHz' Phi='261deg'","GainTotal [] - Freq='0.074GHz' Phi='262deg'","GainTotal [] - Freq='0.074GHz' Phi='263deg'","GainTotal [] - Freq='0.074GHz' Phi='264deg'","GainTotal [] - Freq='0.074GHz' Phi='265deg'","GainTotal [] - Freq='0.074GHz' Phi='266deg'","GainTotal [] - Freq='0.074GHz' Phi='267deg'","GainTotal [] - Freq='0.074GHz' Phi='268deg'","GainTotal [] - Freq='0.074GHz' Phi='269deg'","GainTotal [] - Freq='0.074GHz' Phi='270deg'","GainTotal [] - Freq='0.074GHz' Phi='271deg'","GainTotal [] - Freq='0.074GHz' Phi='272deg'","GainTotal [] - Freq='0.074GHz' Phi='273deg'","GainTotal [] - Freq='0.074GHz' Phi='274deg'","GainTotal [] - Freq='0.074GHz' Phi='275deg'","GainTotal [] - Freq='0.074GHz' Phi='276deg'","GainTotal [] - Freq='0.074GHz' Phi='277deg'","GainTotal [] - Freq='0.074GHz' Phi='278deg'","GainTotal [] - Freq='0.074GHz' Phi='279deg'","GainTotal [] - Freq='0.074GHz' Phi='280deg'","GainTotal [] - Freq='0.074GHz' Phi='281deg'","GainTotal [] - Freq='0.074GHz' Phi='282deg'","GainTotal [] - Freq='0.074GHz' Phi='283deg'","GainTotal [] - Freq='0.074GHz' Phi='284deg'","GainTotal [] - Freq='0.074GHz' Phi='285deg'","GainTotal [] - Freq='0.074GHz' Phi='286deg'","GainTotal [] - Freq='0.074GHz' Phi='287deg'","GainTotal [] - Freq='0.074GHz' Phi='288deg'","GainTotal [] - Freq='0.074GHz' Phi='289deg'","GainTotal [] - Freq='0.074GHz' Phi='290deg'","GainTotal [] - Freq='0.074GHz' Phi='291deg'","GainTotal [] - Freq='0.074GHz' Phi='292deg'","GainTotal [] - Freq='0.074GHz' Phi='293deg'","GainTotal [] - Freq='0.074GHz' Phi='294deg'","GainTotal [] - Freq='0.074GHz' Phi='295deg'","GainTotal [] - Freq='0.074GHz' Phi='296deg'","GainTotal [] - Freq='0.074GHz' Phi='297deg'","GainTotal [] - Freq='0.074GHz' Phi='298deg'","GainTotal [] - Freq='0.074GHz' Phi='299deg'","GainTotal [] - Freq='0.074GHz' Phi='300deg'","GainTotal [] - Freq='0.074GHz' Phi='301deg'","GainTotal [] - Freq='0.074GHz' Phi='302deg'","GainTotal [] - Freq='0.074GHz' Phi='303deg'","GainTotal [] - Freq='0.074GHz' Phi='304deg'","GainTotal [] - Freq='0.074GHz' Phi='305deg'","GainTotal [] - Freq='0.074GHz' Phi='306deg'","GainTotal [] - Freq='0.074GHz' Phi='307deg'","GainTotal [] - Freq='0.074GHz' Phi='308deg'","GainTotal [] - Freq='0.074GHz' Phi='309deg'","GainTotal [] - Freq='0.074GHz' Phi='310deg'","GainTotal [] - Freq='0.074GHz' Phi='311deg'","GainTotal [] - Freq='0.074GHz' Phi='312deg'","GainTotal [] - Freq='0.074GHz' Phi='313deg'","GainTotal [] - Freq='0.074GHz' Phi='314deg'","GainTotal [] - Freq='0.074GHz' Phi='315deg'","GainTotal [] - Freq='0.074GHz' Phi='316deg'","GainTotal [] - Freq='0.074GHz' Phi='317deg'","GainTotal [] - Freq='0.074GHz' Phi='318deg'","GainTotal [] - Freq='0.074GHz' Phi='319deg'","GainTotal [] - Freq='0.074GHz' Phi='320deg'","GainTotal [] - Freq='0.074GHz' Phi='321deg'","GainTotal [] - Freq='0.074GHz' Phi='322deg'","GainTotal [] - Freq='0.074GHz' Phi='323deg'","GainTotal [] - Freq='0.074GHz' Phi='324deg'","GainTotal [] - Freq='0.074GHz' Phi='325deg'","GainTotal [] - Freq='0.074GHz' Phi='326deg'","GainTotal [] - Freq='0.074GHz' Phi='327deg'","GainTotal [] - Freq='0.074GHz' Phi='328deg'","GainTotal [] - Freq='0.074GHz' Phi='329deg'","GainTotal [] - Freq='0.074GHz' Phi='330deg'","GainTotal [] - Freq='0.074GHz' Phi='331deg'","GainTotal [] - Freq='0.074GHz' Phi='332deg'","GainTotal [] - Freq='0.074GHz' Phi='333deg'","GainTotal [] - Freq='0.074GHz' Phi='334deg'","GainTotal [] - Freq='0.074GHz' Phi='335deg'","GainTotal [] - Freq='0.074GHz' Phi='336deg'","GainTotal [] - Freq='0.074GHz' Phi='337deg'","GainTotal [] - Freq='0.074GHz' Phi='338deg'","GainTotal [] - Freq='0.074GHz' Phi='339deg'","GainTotal [] - Freq='0.074GHz' Phi='340deg'","GainTotal [] - Freq='0.074GHz' Phi='341deg'","GainTotal [] - Freq='0.074GHz' Phi='342deg'","GainTotal [] - Freq='0.074GHz' Phi='343deg'","GainTotal [] - Freq='0.074GHz' Phi='344deg'","GainTotal [] - Freq='0.074GHz' Phi='345deg'","GainTotal [] - Freq='0.074GHz' Phi='346deg'","GainTotal [] - Freq='0.074GHz' Phi='347deg'","GainTotal [] - Freq='0.074GHz' Phi='348deg'","GainTotal [] - Freq='0.074GHz' Phi='349deg'","GainTotal [] - Freq='0.074GHz' Phi='350deg'","GainTotal [] - Freq='0.074GHz' Phi='351deg'","GainTotal [] - Freq='0.074GHz' Phi='352deg'","GainTotal [] - Freq='0.074GHz' Phi='353deg'","GainTotal [] - Freq='0.074GHz' Phi='354deg'","GainTotal [] - Freq='0.074GHz' Phi='355deg'","GainTotal [] - Freq='0.074GHz' Phi='356deg'","GainTotal [] - Freq='0.074GHz' Phi='357deg'","GainTotal [] - Freq='0.074GHz' Phi='358deg'","GainTotal [] - Freq='0.074GHz' Phi='359deg'","GainTotal [] - Freq='0.074GHz' Phi='360deg'"
0,10.1318174843445,10.1318174843445,10.1318174843445,10.1318174843445,10.1318174843445,10.1318174843445,10.1318174843445,10.1318174843445,10.1318174843445,10.1318174843445,10.1318174843445,10.1318174843445,10.1318174843445,10.1318174843445,10.1318174843445,10.1318174843445,10.1318174843445,10.1318174843445,10.1318174843445,10.1318174843445,10.1318174843445,10.1318174843445,10.1318174843445,10.1318174843445,10.1318174843445,10.1318174843445,10.1318174843445,10.1318174843445,10.1318174843445,10.1318174843445,10.1318174843445,10.1318174843445,10.1318174843445,10.1318174843445,10.1318174843445,10.1318174843445,10.1318174843445,10.1318174843445,10.1318174843445,10.1318174843445,10.1318174843445,10.1318174843445,10.1318174843445,10.1318174843445,10.1318174843445,10.1318174843445,10.1318174843445,10.1318174843445,10.1318174843445,10.1318174843445,10.1318174843445,10.1318174843445,10.1318174843445,10.1318174843445,10.1318174843445,10.1318174843445,10.1318174843445,10.1318174843445,10.1318174843445,10.1318174843445,10.1318174843445,10.1318174843445,10.1318174843445,10.1318174843445,10.1318174843445,10.1318174843445,10.1318174843445,10.1318174843445,10.1318174843445,10.1318174843445,10.1318174843445,10.1318174843445,10.1318174843445,10.1318174843445,10.1318174843445,10.1318174843445,10.1318174843445,10.1318174843445,10.1318174843445,10.1318174843445,10.1318174843445,10.1318174843445,10.1318174843445,10.1318174843445,10.1318174843445,10.1318174843445,10.1318174843445,10.1318174843445,10.1318174843445,10.1318174843445,10.1318174843445,10.1318174843445,10.1318174843445,10.1318174843445,10.1318174843445,10.1318174843445,10.1318174843445,10.1318174843445,10.1318174843445,10.1318174843445,10.1318174843445,10.1318174843445,10.1318174843445,10.1318174843445,10.1318174843445,10.1318174843445,10.1318174843445,10.1318174843445,10.1318174843445,10.1318174843445,10.1318174843445,10.1318174843445,10.1318174843445,10.1318174843445,10.1318174843445,10.1318174843445,10.1318174843445,10.1318174843445,10.1318174843445,10.1318174843445,10.1318174843445,10.1318174843445,10.1318174843445,10.1318174843445,10.1318174843445,10.1318174843445,10.1318174843445,10.1318174843445,10.1318174843445,10.1318174843445,10.1318174843445,10.1318174843445,10.1318174843445,10.1318174843445,10.1318174843445,10.1318174843445,10.1318174843445,10.1318174843445,10.1318174843445,10.1318174843445,10.1318174843445,10.1318174843445,10.1318174843445,10.1318174843445,10.1318174843445,10.1318174843445,10.1318174843445,10.1318174843445,10.1318174843445,10.1318174843445,10.1318174843445,10.1318174843445,10.1318174843445,10.1318174843445,10.1318174843445,10.1318174843445,10.1318174843445,10.1318174843445,10.1318174843445,10.1318174843445,10.1318174843445,10.1318174843445,10.1318174843445,10.1318174843445,10.1318174843445,10.1318174843445,10.1318174843445,10.1318174843445,10.1318174843445,10.1318174843445,10.1318174843445,10.1318174843445,10.1318174843445,10.1318174843445,10.1318174843445,10.1318174843445,10.1318174843445,10.1318174843445,10.1318174843445,10.1318174843445,10.1318174843445,10.1318174843445,10.1318174843445,10.1318174843445,10.1318174843445,10.1318174843445,10.1318174843445,10.1318174843445,10.1318174843445,10.1318174843445,10.1318174843445,10.1318174843445,10.1318174843445,10.1318174843445,10.1318174843445,10.1318174843445,10.1318174843445,10.1318174843445,10.1318174843445,10.1318174843445,10.1318174843445,10.1318174843445,10.1318174843445,10.1318174843445,10.1318174843445,10.1318174843445,10.1318174843445,10.1318174843445,10.1318174843445,10.1318174843445,10.1318174843445,10.1318174843445,10.1318174843445,10.1318174843445,10.1318174843445,10.1318174843445,10.1318174843445,10.1318174843445,10.1318174843445,10.1318174843445,10.1318174843445,10.1318174843445,10.1318174843445,10.1318174843445,10.1318174843445,10.1318174843445,10.1318174843445,10.1318174843445,10.1318174843445,10.1318174843445,10.1318174843445,10.1318174843445,10.1318174843445,10.1318174843445,10.1318174843445,10.1318174843445,10.1318174843445,10.1318174843445,10.1318174843445,10.1318174843445,10.1318174843445,10.1318174843445,10.1318174843445,10.1318174843445,10.1318174843445,10.1318174843445,10.1318174843445,10.1318174843445,10.1318174843445,10.1318174843445,10.1318174843445,10.1318174843445,10.1318174843445,10.1318174843445,10.1318174843445,10.1318174843445,10.1318174843445,10.1318174843445,10.1318174843445,10.1318174843445,10.1318174843445,10.1318174843445,10.1318174843445,10.1318174843445,10.1318174843445,10.1318174843445,10.1318174843445,10.1318174843445,10.1318174843445,10.1318174843445,10.1318174843445,10.1318174843445,10.1318174843445,10.1318174843445,10.1318174843445,10.1318174843445,10.1318174843445,10.1318174843445,10.1318174843445,10.1318174843445,10.1318174843445,10.1318174843445,10.1318174843445,10.1318174843445,10.1318174843445,10.1318174843445,10.1318174843445,10.1318174843445,10.1318174843445,10.1318174843445,10.1318174843445,10.1318174843445,10.1318174843445,10.1318174843445,10.1318174843445,10.1318174843445,10.1318174843445,10.1318174843445,10.1318174843445,10.1318174843445,10.1318174843445,10.1318174843445,10.1318174843445,10.1318174843445,10.1318174843445,10.1318174843445,10.1318174843445,10.1318174843445,10.1318174843445,10.1318174843445,10.1318174843445,10.1318174843445,10.1318174843445,10.1318174843445,10.1318174843445,10.1318174843445,10.1318174843445,10.1318174843445,10.1318174843445,10.1318174843445,10.1318174843445,10.1318174843445,10.1318174843445,10.1318174843445,10.1318174843445,10.1318174843445,10.1318174843445,10.1318174843445,10.1318174843445,10.1318174843445,10.1318174843445,10.1318174843445,10.1318174843445,10.1318174843445,10.1318174843445,10.1318174843445,10.1318174843445,10.1318174843445,10.1318174843445,10.1318174843445,10.1318174843445,10.1318174843445,10.1318174843445,10.1318174843445,10.1318174843445,10.1318174843445,10.1318174843445,10.1318174843445,10.1318174843445,10.1318174843445,10.1318174843445,10.1318174843445,10.1318174843445,10.1318174843445,10.1318174843445,10.1318174843445,10.1318174843445,10.1318174843445,10.1318174843445,10.1318174843445,10.1318174843445
1,10.1212614107891,10.1212700007833,10.1212813860553,10.1212955590444,10.1213125087206,10.1213322205952,10.1213546767375,10.1213798557939,10.1214077330127,10.1214382802719,10.1214714661116,10.1215072557712,10.1215456112293,10.1215864912485,10.1216298514242,10.1216756442366,10.1217238191073,10.1217743224595,10.1218270977811,10.1218820856926,10.1219392240179,10.1219984478582,10.1220596896703,10.122122879347,10.1221879443015,10.1222548095543,10.1223233978237,10.1223936296181,10.1224654233325,10.1225386953461,10.1226133601234,10.1226893303175,10.1227665168752,10.1228448291446,10.1229241749849,10.1230044608772,10.1230855920384,10.1231674725351,10.1232500054,10.1233330927497,10.1234166359024,10.1235005354984,10.1235846916199,10.1236690039125,10.1237533717068,10.1238376941406,10.1239218702814,10.1240057992486,10.1240893803366,10.1241725131368,10.1242550976596,10.1243370344562,10.1244182247393,10.1244985705033,10.1245779746439,10.1246563410757,10.1247335748496,10.1248095822685,10.1248842710011,10.1249575501946,10.1250293305855,10.1250995246086,10.1251680465034,10.1252348124191,10.1252997405167,10.1253627510692,10.125423766559,10.1254827117724,10.1255395138916,10.125594102584,10.1256464100883,10.1256963712971,10.1257439238371,10.1257890081453,10.1258315675424,10.125871548302,10.125908899717,10.1259435741617,10.1259755271508,10.126004717394,10.126031106847,10.1260546607589,10.1260753477147,10.1260931396752,10.1261080120112,10.1261199435347,10.1261289165257,10.1261349167544,10.1261379334997,10.1261379595631,10.1261349912786,10.126129028518,10.1261200746923,10.1261081367482,10.1260932251614,10.1260753539245,10.1260545405311,10.1260308059559,10.1260041746302,10.1259746744134,10.1259423365603,10.1259071956845,10.1258692897173,10.125828659863,10.1257853505499,10.1257394093777,10.1256908870611,10.1256398373692,10.1255863170615,10.1255303858204,10.1254721061799,10.1254115434512,10.1253487656444,10.1252838433875,10.1252168498419,10.1251478606149,10.1250769536695,10.1250042092309,10.1249297096904,10.1248535395074,10.1247757851076,10.1246965347799,10.1246158785706,10.1245339081757,10.124450716831,10.1243663992002,10.124281051262,10.1241947701948,10.1241076542603,10.124019802686,10.1239313155463,10.1238422936426,10.1237528383824,10.1236630516583,10.1235730357255,10.12348289308,10.1233927263351,10.1233026380991,10.1232127308526,10.1231231068255,10.1230338678748,10.1229451153629,10.1228569500363,10.1227694719051,10.1226827801237,10.1225969728719,10.122512147238,10.1224283991026,10.1223458230243,10.1222645121268,10.1221845579877,10.1221060505297,10.1220290779127,10.1219537264298,10.1218800804034,10.1218082220859,10.1217382315613,10.1216701866501,10.121604162817,10.1215402330815,10.121478467931,10.1214189352376,10.1213617001775,10.1213068251545,10.1212543697256,10.1212043905317,10.1211569412301,10.1211120724322,10.1210698316435,10.1210302632089,10.1209934082601,10.1209593046682,10.1209279870002,10.1208994864784,10.1208738309452,10.1208510448313,10.1208311491279,10.1208141613635,10.120800095585,10.120788962342,10.1207807686767,10.1207755181175,10.120773210676,10.12077384285,10.1207774076289,10.120783894505,10.1207932894877,10.1208055751226,10.120820730515,10.1208387313568,10.120859549958,10.1208831552825,10.1209095129875,10.1209385854669,10.1209703318992,10.1210047082987,10.1210416675704,10.1210811595695,10.1211231311637,10.1211675262995,10.121214286072,10.1212633487982,10.1213146500932,10.1213681229504,10.1214236978242,10.121481302716,10.1215408632632,10.1216023028312,10.1216655426076,10.1217305016993,10.1217970972325,10.1218652444544,10.1219348568375,10.122005846186,10.1220781227442,10.1221515953066,10.1222261713299,10.1223017570466,10.12237825758,10.1224555770604,10.1225336187425,10.1226122851241,10.1226914780655,10.1227710989094,10.1228510486016,10.1229312278125,10.1230115370581,10.1230918768222,10.1231721476771,10.1232522504061,10.1233320861239,10.1234115563975,10.1234905633668,10.1235690098632,10.1236467995288,10.1237238369337,10.1238000276922,10.1238752785779,10.1239494976375,10.1240225943024,10.1240944794993,10.1241650657585,10.1242342673206,10.1243020002402,10.1243681824886,10.1244327340533,10.1244955770351,10.1245566357429,10.1246158367854,10.1246731091605,10.124728384341,10.124781596358,10.1248326818807,10.1248815802931,10.1249282337673,10.1249725873335,10.1250145889464,10.125054189548,10.1250913431267,10.1251260067727,10.1251581407297,10.1251877084427,10.1252146766015,10.1252390151806,10.1252606974754,10.1252797001333,10.1252960031817,10.1253095900512,10.1253204475952,10.1253285661046,10.125333939319,10.125336564433,10.1253364420987,10.1253335764243,10.1253279749672,10.1253196487242,10.1253086121169,10.125294882973,10.125278482503,10.1252594352738,10.1252377691768,10.125213515393,10.1251867083539,10.1251573856976,10.1251255882222,10.1250913598343,10.1250547474942,10.1250158011572,10.1249745737111,10.1249311209108,10.1248855013082,10.1248377761793,10.1247880094485,10.1247362676086,10.1246826196382,10.1246271369163,10.124569893133,10.1245109641986,10.124450428149,10.1243883650489,10.1243248568925,10.1242599875016,10.1241938424218,10.1241265088162,10.1240580753573,10.1239886321172,10.1239182704556,10.1238470829067,10.1237751630645,10.1237026054662,10.1236295054759,10.1235559591653,10.1234820631952,10.1234079146955,10.1233336111444,10.1232592502478,10.123184929818,10.1231107476521,10.123036801411,10.1229631884979,10.1228900059372,10.1228173502546,10.1227453173566,10.1226740024118,10.1226034997322,10.1225339026564,10.1224653034333,10.1223977931074,10.1223314614055,10.1222663966252,10.1222026855245,10.1221404132145,10.1220796630523,10.122020516538,10.1219630532123,10.1219073505579,10.121853483902,10.1218015263226,10.1217515485568,10.1217036189125,10.1216578031825,10.1216141645623,10.1215727635702,10.121533657972,10.1214969027074,10.1214625498212,10.1214306483975,10.1214012444974,10.1213743811008,10.1213500980514,10.1213284320063,10.1213094163887,10.1212930813448,10.1212794537053,10.1212685569503,10.121260411178,10.1212550330788,10.1212524359122,10.1212526294889,10.1212556201563,10.1212614107891
2,10.0891839180494,10.0892041509906,10.0892356924228,10.0892785166206,10.0893325839523,10.089397840924,10.0894742202404,10.0895616408824,10.0896600082022,10.0897692140342,10.089889136823,10.0900196417678,10.090160580983,10.0903117936745,10.0904731063324,10.090644332939,10.090825275192,10.0910157227432,10.0912154534516,10.0914242336512,10.0916418184327,10.0918679519396,10.0921023676767,10.0923447888331,10.0925949286166,10.0928524906008,10.0931171690848,10.0933886494627,10.0936666086059,10.0939507152545,10.0942406304195,10.094536007794,10.0948364941739,10.095141729887,10.0954513492296,10.0957649809115,10.096082248507,10.0964027709127,10.0967261628109,10.0970520351388,10.0973799955615,10.0977096489498,10.0980405978609,10.0983724430226,10.0987047838196,10.0990372187812,10.0993693460704,10.0997007639739,10.1000310713912,10.100359868324,10.1006867563631,10.101011339175,10.1013332229843,10.1016520170549,10.1019673341657,10.1022787910837,10.102586009031,10.1028886141477,10.1031862379472,10.1034785177671,10.103765097211,10.1040456265841,10.1043197633201,10.1045871723996,10.1048475267593,10.1051005076915,10.1053458052336,10.1055831185466,10.1058121562833,10.1060326369439,10.1062442892208,10.1064468523295,10.1066400763284,10.1068237224244,10.1069975632648,10.1071613832158,10.1073149786267,10.1074581580792,10.1075907426217,10.1077125659895,10.1078234748076,10.1079233287799,10.1080120008611,10.108089377413,10.1081553583442,10.1082098572338,10.1082528014378,10.1082841321793,10.1083038046212,10.1083117879228,10.1083080652786,10.1082926339402,10.1082655052215,10.1082267044858,10.1081762711172,10.1081142584737,10.108040733824,10.1079557782669,10.1078594866347,10.1077519673785,10.1076333424385,10.1075037470967,10.1073633298141,10.1072122520514,10.1070506880742,10.1068788247428,10.106696861286,10.1065050090606,10.1063034912957,10.1060925428232,10.1058724097933,10.105643349377,10.1054056294549,10.1051595282934,10.1049053342074,10.1046433452121,10.1043738686619,10.1040972208787,10.1038137267692,10.1035237194314,10.1032275397519,10.1029255359931,10.1026180633721,10.1023054836307,10.1019881645979,10.1016664797449,10.1013408077332,10.1010115319569,10.1006790400786,10.1003437235611,10.1000059771938,10.0996661986155,10.0993247878335,10.0989821467406,10.0986386786293,10.0982947877041,10.097950878594,10.097607355863,10.0972646235222,10.0969230845416,10.096583140364,10.0962451904202,10.0959096316475,10.0955768580104,10.095247260026,10.0949212242929,10.0945991330252,10.0942813635922,10.0939682880636,10.0936602727615,10.0933576778195,10.0930608567494,10.0927701560156,10.0924859146191,10.0922084636894,10.091938126087,10.0916752160157,10.0914200386455,10.0911728897464,10.0909340553337,10.0907038113256,10.0904824232127,10.0902701457402,10.0900672226034,10.0898738861567,10.0896903571363,10.0895168443969,10.0893535446633,10.089200642296,10.0890583090729,10.0889267039853,10.0888059730499,10.0886962491368,10.0885976518127,10.0885102872013,10.0884342478588,10.0883696126672,10.0883164467429,10.0882748013633,10.0882447139086,10.088226207822,10.0882192925861,10.0882239637157,10.0882402027688,10.088267977373,10.0883072412703,10.088357934377,10.0884199828623,10.0884932992416,10.0885777824878,10.088673318158,10.0887797785371,10.0888970227969,10.0890248971714,10.0891632351478,10.0893118576723,10.0894705733718,10.0896391787901,10.0898174586387,10.0900051860617,10.0902021229152,10.0904080200597,10.0906226176662,10.0908456455351,10.0910768234273,10.0913158614075,10.0915624602,10.0918163115541,10.0920770986221,10.0923444963463,10.0926181718565,10.0928977848768,10.0931829881414,10.0934734278184,10.093768743942,10.0940685708518,10.0943725376387,10.0946802685979,10.0949913836864,10.0953054989869,10.0956222271754,10.0959411779936,10.0962619587242,10.0965841746696,10.0969074296323,10.0972313263978,10.0975554672183,10.0978794542966,10.0982028902707,10.0985253786976,10.0988465245355,10.0991659346246,10.0994832181659,10.0997979871962,10.1001098570601,10.1004184468786,10.1007233800113,10.1010242845155,10.101320793598,10.1016125460612,10.1018991867422,10.1021803669449,10.1024557448639,10.1027249859996,10.1029877635652,10.1032437588837,10.1034926617753,10.1037341709342,10.1039679942948,10.1041938493866,10.1044114636772,10.1046205749034,10.1048209313897,10.105012292354,10.1051944281999,10.1053671207954,10.1055301637375,10.1056833626029,10.1058265351837,10.1059595117085,10.1060821350479,10.106194260905,10.1062957579904,10.1063865081809,10.1064664066622,10.1065353620556,10.1065932965285,10.1066401458876,10.1066758596564,10.1067004011351,10.1067137474448,10.1067158895534,10.1067068322858,10.1066865943165,10.1066552081459,10.1066127200591,10.1065591900679,10.1064946918369,10.1064193125916,10.1063331530111,10.1062363271034,10.1061289620655,10.1060111981261,10.1058831883735,10.1057450985671,10.1055971069335,10.1054394039475,10.1052721920983,10.1050956856403,10.1049101103301,10.1047157031494,10.1045127120138,10.1043013954685,10.1040820223705,10.1038548715591,10.1036202315132,10.103378399997,10.1031296836948,10.1028743978342,10.1026128657991,10.1023454187327,10.102072395131,10.1017941404269,10.1015110065665,10.1012233515761,10.1009315391233,10.1006359380697,10.1003369220183,10.1000348688541,10.09973016028,10.0994231813481,10.0991143199858,10.0988039665199,10.098492513196,10.0981803536969,10.0978678826581,10.0975554951831,10.097243586357,10.0969325507604,10.0966227819846,10.0963146721466,10.0960086114072,10.0957049874901,10.0954041852048,10.095106585973,10.0948125673585,10.0945225026019,10.0942367601611,10.0939557032569,10.0936796894253,10.0934090700764,10.0931441900609,10.0928853872448,10.092632992092,10.0923873272565,10.0921487071838,10.091917437722,10.0916938157439,10.0914781287799,10.0912706546619,10.0910716611792,10.0908814057472,10.0907001350877,10.0905280849231,10.0903654796836,10.0902125322282,10.0900694435803,10.0899364026766,10.0898135861321,10.0897011580196,10.0895992696639,10.0895080594526,10.089427652662,10.0893581612994,10.0892996839615,10.089252305709,10.0892160979579,10.0891911183878,10.0891774108664,10.0891750053915,10.0891839180494
3,10.0358018214887,10.0358364297338,10.035896498415,10.0359819735788,10.0360927700485,10.0362287715199,10.0363898306961,10.0365757694598,10.0367863790834,10.0370214204763,10.0372806244703,10.037563692141,10.037870295166,10.0382000762192,10.0385526494005,10.0389276007011,10.0393244885024,10.0397428441095,10.0401821723177,10.0406419520117,10.0411216367963,10.0416206556583,10.0421384136589,10.0426742926555,10.0432276520515,10.043797829574,10.0443841420789,10.0449858863802,10.0456023401057,10.0462327625746,10.0468763956991,10.0475324649067,10.0482001800829,10.0488787365335,10.0495673159641,10.0502650874774,10.0509712085853,10.0516848262356,10.0524050778521,10.0531310923858,10.0538619913775,10.054596890029,10.0553348982822,10.0560751219053,10.0568166635838,10.0575586240157,10.0583001030089,10.0590402005803,10.0597780180546,10.0605126591612,10.0612432311292,10.0619688457775,10.0626886205997,10.0634016798421,10.0641071555733,10.0648041887452,10.0654919302423,10.0661695419191,10.066836197625,10.0674910842133,10.0681334025357,10.0687623684186,10.0693772136222,10.0699771867794,10.0705615543143,10.0711296013397,10.0716806325305,10.0722139729744,10.0727289689973,10.0732249889625,10.0737014240431,10.0741576889674,10.0745932227337,10.0750074892977,10.0753999782273,10.0757702053279,10.0761177132343,10.0764420719705,10.0767428794762,10.0770197620986,10.0772723750496,10.0775004028287,10.0777035596085,10.0778815895852,10.0780342672922,10.078161397876,10.0782628173358,10.078338392724,10.0783880223102,10.0784116357062,10.0784091939529,10.0783806895691,10.0783261465614,10.0782456203959,10.0781391979319,10.0780069973163,10.0778491678411,10.0776658897614,10.0774573740774,10.077223862277,10.0769656260428,10.0766829669214,10.0763762159567,10.0760457332868,10.0756919077061,10.0753151561918,10.0749159233969,10.0744946811084,10.0740519276736,10.0735881873936,10.0731040098848,10.0725999694105,10.0720766641818,10.07153471563,10.0709747676503,10.0703974858186,10.0698035565816,10.0691936864223,10.0685686010004,10.0679290442703,10.067275777576,10.0666095787261,10.0659312410481,10.0652415724243,10.0645413943099,10.0638315407355,10.0631128572935,10.0623862001115,10.0616524348124,10.0609124354637,10.0601670835168,10.0594172667366,10.0586638781254,10.0579078148388,10.0571499770982,10.0563912670992,10.055632587918,10.0548748424172,10.0541189321516,10.0533657562766,10.0526162104593,10.0518711857943,10.0511315677254,10.0503982349743,10.0496720584779,10.0489539003356,10.0482446127669,10.0475450370821,10.0468560026663,10.0461783259777,10.0455128095626,10.0448602410872,10.0442213923879,10.0435970185408,10.0429878569521,10.0423946264704,10.0418180265212,10.0412587362658,10.0407174137847,10.0401946952867,10.0396911943455,10.0392075011628,10.0387441818614,10.0383017778059,10.0378808049558,10.0374817532472,10.0371050860086,10.036751239407,10.0364206219287,10.0361136138926,10.0358305669987,10.0355718039107,10.035337617874,10.0351282723701,10.034944000806,10.0347850062413,10.0346514611509,10.0345435072259,10.034461255211,10.0344047847797,10.0343741444475,10.034369351522,10.0343903920912,10.0344372210499,10.0345097621634,10.0346079081687,10.0347315209136,10.0348804315329,10.0350544406618,10.0352533186858,10.0354768060278,10.0357246134705,10.0359964225151,10.0362918857754,10.0366106274062,10.0369522435664,10.0373163029162,10.0377023471461,10.0381098915403,10.03853842557,10.0389874135192,10.0394562951402,10.0399444863385,10.0404513798867,10.0409763461664,10.0415187339362,10.0420778711267,10.0426530656602,10.0432436062939,10.0438487634868,10.0444677902888,10.0450999232496,10.0457443833485,10.0464003769426,10.0470670967323,10.0477437227433,10.0484294233243,10.0491233561575,10.0498246692835,10.0505325021364,10.0512459865899,10.0519642480123,10.0526864063291,10.0534115770925,10.0541388725557,10.0548674027512,10.0555962765721,10.0563246028538,10.0570514914572,10.0577760543488,10.0584974066798,10.0592146678603,10.0599269626286,10.0606334221142,10.0613331848929,10.0620253980326,10.0627092181292,10.0633838123308,10.0640483593491,10.0647020504566,10.065344090469,10.0659736987109,10.0665901099639,10.0671925753959,10.0677803634712,10.0683527608388,10.0689090731991,10.0694486261474,10.0699707659936,10.0704748605562,10.070960299931,10.071426497232,10.0718728893053,10.072298937413,10.0727041278891,10.0730879727634,10.0734500103553,10.0737898058353,10.0741069517541,10.0744010685382,10.0746718049518,10.0749188385244,10.0751418759433,10.0753406534109,10.0755149369659,10.0756645227681,10.0757892373472,10.0758889378143,10.0759635120355,10.0760128787697,10.0760369877672,10.0760358198316,10.0760093868432,10.0759577317452,10.0758809284915,10.0757790819571,10.0756523278105,10.0755008323487,10.0753247922949,10.0751244345586,10.0749000159598,10.0746518229159,10.0743801710922,10.0740854050179,10.0737678976652,10.073428049995,10.0730662904678,10.0726830745205,10.072278884011,10.07185422663,10.0714096352811,10.0709456674303,10.0704629044251,10.069961950784,10.069443433459,10.0689080010681,10.068356323104,10.0677890891147,10.0672070078611,10.0666108064497,10.0660012294443,10.0653790379543,10.0647450087041,10.0640999330824,10.063444616174,10.0627798757737,10.0621065413859,10.0614254532084,10.0607374611034,10.0600434235567,10.059344206626,10.0586406828795,10.0579337303268,10.0572242313423,10.056513071584,10.0558011389069,10.0550893222746,10.0543785106689,10.0536695919987,10.0529634520111,10.0522609732036,10.0515630337415,10.0508705063794,10.0501842573891,10.0495051454962,10.0488340208248,10.0481717238526,10.0475190843784,10.0468769205015,10.0462460376161,10.0456272274203,10.0450212669423,10.0444289175839,10.0438509241836,10.0432880140991,10.0427408963114,10.0422102605512,10.0416967764487,10.041201092708,10.0407238363066,10.0402656117217,10.0398270001838,10.0394085589584,10.0390108206575,10.0386342925806,10.0382794560864,10.0379467659973,10.0376366500347,10.0373495082885,10.0370857127199,10.0368456066988,10.0366295045756,10.0364376912891,10.0362704220101,10.0361279218207,10.0360103854318,10.0359179769361,10.0358508296002,10.0358090456926,10.0357926963514,10.0358018214887
4,9.96147474486208,9.96152611248218,9.96162259399001,9.961764097765,9.9619504769277,9.96218152950698,9.96245699867478,9.96277657304804,9.96313988705741,9.96354652138241,9.9639960034524,9.96448780801289,9.96502135775642,9.96559602401724,9.96621112752911,9.96686593924507,9.9675596812184,9.96829152754359,9.96906060535622,9.96986599589054,9.97070673559348,9.97158181729363,9.97249019142408,9.97343076729716,9.97440241442996,9.97540396391879,9.97643420986099,9.9774919108223,9.97857579134803,9.97968454351624,9.98081682853095,9.98197127835339,9.98314649736956,9.98434106409169,9.98555353289176,9.98678243576498,9.98802628412084,9.98928357059981,9.99055277091327,9.99183234570452,9.99312074242851,9.99441639724805,9.99571773694409,9.99702318083785,9.99833114272231,9.99964003280076,10.00094825963,10.0022542320657,10.0035563612079,10.0048530623439,10.0061427568857,10.0074238743011,10.0086948540345,10.0099541474158,10.0112002195547,10.0124315512188,10.0136466406922,10.0148440056132,10.0160221847877,10.0171797399776,10.018315257661,10.0194273507617,10.0205146603467,10.02157585729,10.0226096438984,10.0236147555008,10.024589961995,10.0255340693541,10.0264459210875,10.0273243996566,10.0281684278423,10.0289769700638,10.0297490336454,10.030483670032,10.0311799759499,10.0318370945115,10.0324542162648,10.0330305801831,10.0335654745966,10.034058238063,10.0345082601764,10.0349149823145,10.0352778983213,10.0355965551267,10.0358705532997,10.0360995475375,10.0362832470869,10.0364214161001,10.0365138739223,10.0365604953123,10.0365612105952,10.0365160057468,10.0364249224107,10.0362880578461,10.0361055648084,10.0358776513619,10.0356045806244,10.035286670445,10.0349242930145,10.0345178744096,10.0340678940717,10.0335748842194,10.0330394291977,10.0324621647629,10.0318437773048,10.0311850030071,10.0304866269474,10.029749482137,10.0289744485028,10.0281624518115,10.0273144625383,10.026431494681,10.0255146045215,10.0245648893351,10.0235834860508,10.0225715698627,10.0215303527954,10.0204610822247,10.0193650393551,10.0182435376566,10.0170979212625,10.01592956333,10.0147398643655,10.0135302505176,10.0123021718388,10.0110571005184,10.0097965290887,10.008521968608,10.0072349468199,10.0059370062938,10.0046297025476,10.0033146021555,10.0019932808419,10.000667321566,9.99933831259766,9.99800784558681,9.99667751363049,9.99534890933803,9.99402362289768,9.9927032401469,9.99138934064862,9.9900834957758,9.98878726680666,9.98750220303292,9.98622983988334,9.98497169706479,9.98372927672314,9.98250406162635,9.98129751337162,9.98011107061914,9.97894614735435,9.97780413118086,9.97668638164615,9.97559422860196,9.97452897060146,9.97349187333501,9.97248416810647,9.97150705035188,9.97056167820226,9.96964917109212,9.9687706084157,9.96792702823207,9.96711942602101,9.96634875349092,9.96561591744024,9.96492177867386,9.96426715097541,9.96365280013717,9.96307944304825,9.96254774684243,9.9620583281065,9.96161175215,9.96120853233739,9.96084912948313,9.96053395131065,9.96026335197562,9.96003763165411,9.95985703619624,9.95972175684541,9.95963193002376,9.95958763718375,9.95958890472629,9.95963570398524,9.9597279512785,9.95986550802538,9.96004818093022,9.96027572223196,9.96054783001935,9.96086414861137,9.96122426900234,9.96162772937133,9.96207401565495,9.96256256218313,9.96309275237682,9.96366391950696,9.96427534751368,9.96492627188476,9.96561588059229,9.96634331508637,9.96710767134466,9.9679080009765,9.9687433123803,9.96961257195273,9.97051470534834,9.97144859878797,9.97241310041455,9.97340702169448,9.97442913886303,9.97547819441196,9.97655289861759,9.97765193110752,9.97877394246401,9.97991755586228,9.98108136874161,9.98226395450726,9.98346386426126,9.98467962855989,9.98590975919583,9.98715275100274,9.98840708368029,9.98967122363718,9.99094362585027,9.99222273573728,9.993506991041,9.99479482372281,9.996084661863,9.9973749315658,9.99866405886684,9.99995047164064,10.0012326015059,10.0025088857265,10.0037777691051,10.0050377058689,10.0062871615426,10.0075246148092,10.0087485593538,10.0099575056904,10.0111499829679,10.0123245407537,10.0134797507932,10.0146142087421,10.0157265358705,10.0168153807357,10.0178794208224,10.0189173641482,10.0199279508323,10.0209099546252,10.0218621843985,10.0227834855917,10.0236727416158,10.0245288752104,10.0253508497532,10.0261376705218,10.0268883859029,10.0276020885517,10.0282779164959,10.0289150541862,10.0295127334897,10.0300702346274,10.0305868870512,10.0310620702634,10.0314952145742,10.0318858017983,10.0322333658888,10.0325374935085,10.0327978245366,10.0330140525109,10.0331859250059,10.0333132439439,10.033395865841,10.0334337019863,10.0334267185554,10.0333749366557,10.033278432306,10.0331373363493,10.0329518342977,10.0327221661124,10.0324486259156,10.0321315616375,10.0317713745974,10.0313685190192,10.0309235014832,10.0304368803127,10.0299092648983,10.0293413149594,10.0287337397444,10.0280872971693,10.0274027928984,10.0266810793643,10.0259230547328,10.0251296618099,10.0243018868948,10.0234407585797,10.0225473464969,10.021622760016,10.0206681468923,10.019684691867,10.0186736152231,10.0176361712969,10.016573646947,10.015487359984,10.0143786575615,10.0132489145311,10.0120995317625,10.0109319344321,10.0097475702812,10.0085479078458,10.0073344346614,10.006108655443,10.0048720902446,10.0036262725993,10.0023727476421,10.0011130702185,9.99984880298069,9.9985815144736,9.9973127772137,9.99604416576217,9.99477725479543,9.99351361717498,9.9922548220192,9.99100243277923,9.98975800532155,9.98852308601942,9.98729920985554,9.9860878985384,9.98489065863444,9.98370897971853,9.98254433254479,9.98139816724024,9.98027191152334,9.97916696894963,9.97808471718677,9.97702650632081,9.97599365719608,9.97498745979055,9.97400917162869,9.97306001623384,9.97214118162191,9.97125381883831,9.97039904053989,9.96957791962366,9.96879148790394,9.96804073483955,9.9673266063127,9.9666500034609,9.96601178156364,9.96541274898471,9.96485366617213,9.96433524471618,9.9638581464674,9.96342298271503,9.96303031342741,9.96268064655489,9.96237443739636,9.96211208803011,9.96189394680967,9.96172030792528,9.96159141103172,9.96150744094256,9.96146852739169,9.96147474486208
5,9.86670076378617,9.86677090568676,9.86691112265681,9.86712127667701,9.86740114395475,9.86775041517961,9.86816869588333,9.86865550690407,9.86921028495432,9.86983238329181,9.87052107249268,9.87127554132585,9.87209489772786,9.87297816987662,9.87392430736312,9.87493218245957,9.87600059148237,9.87712825624855,9.87831382562355,9.87955587715882,9.88085291881708,9.88220339078323,9.88360566735868,9.88505805893682,9.88655881405735,9.88810612153676,9.88969811267256,9.89133286351853,9.89300839722819,9.89472268646365,9.89647365586696,9.89825918459082,9.90007710888575,9.90192522474031,9.90380129057137,9.90570302996102,9.90762813443675,9.90957426629152,9.91153906144036,9.91352013230968,9.91551507075619,9.91752145101141,9.91953683264844,9.92155876356712,9.92358478299414,9.92561242449415,9.92763921898833,9.92966269777663,9.93168039555994,9.93368985345848,9.93568862202273,9.93767426423304,9.9396443584844,9.94159650155247,9.94352831153743,9.94543743078188,9.94732152875915,9.94917830492858,9.95100549155413,9.95280085648293,9.95456220588022,9.95628738691746,9.95797429041017,9.95962085340223,9.9612250616936,9.9627849523082,9.96429861589898,9.96576419908714,9.96717990673273,9.96854400413379,9.96985481915124,9.97111074425705,9.97231023850306,9.97345182940813,9.97453411476113,9.97555576433785,9.97651552152936,9.97741220488015,9.97824470953397,9.97901200858569,9.97971315433742,9.98034727945757,9.98091359804117,9.98141140657033,9.98184008477366,9.98219909638347,9.98248798979008,9.98270639859216,9.98285404204261,9.98293072538952,9.98293634011147,9.98287086404734,9.9827343614201,9.98252698275483,9.98224896469092,9.98190062968873,9.98148238563114,9.98099472532054,9.98043822587158,9.97981354800097,9.97912143521465,9.97836271289384,9.97753828728071,9.97664914436521,9.97569634867434,9.97468104196532,9.97360444182439,9.9724678401729,9.97127260168261,9.97002016210208,9.96871202649637,9.96734976740205,9.96593502290005,9.96446949460848,9.96295494559813,9.96139319823317,9.95978613193963,9.9581356809046,9.95644383170895,9.95471262089642,9.95294413248222,9.95114049540414,9.9493038809195,9.94743649995089,9.94554060038429,9.94361846432271,9.94167240529889,9.93970476545046,9.93771791266099,9.93571423767068,9.93369615116002,9.93166608081022,9.92962646834386,9.92757976654974,9.92552843629512,9.92347494352955,9.92142175628357,9.91937134166625,9.9173261628651,9.91528867615214,9.91326132789979,9.91124655161012,9.90924676496123,9.90726436687445,9.90530173460562,9.90336122086438,9.90144515096467,9.89955582001013,9.89769549011767,9.89586638768262,9.89407070068876,9.89231057606654,9.89058811710255,9.88890538090342,9.8872643759173,9.88566705951559,9.88411533563818,9.88261105250471,9.88115600039473,9.8797519094993,9.87840044784671,9.8771032193045,9.87586176166053,9.8746775447849,9.8735519688752,9.87248636278707,9.87148198245182,9.87054000938322,9.869661549275,9.86884763069064,9.86809920384715,9.867417139494,9.86680222788861,9.86625517786945,9.86577661602789,9.86536708597961,9.86502704773645,9.86475687717932,9.8645568656327,9.86442721954126,9.86436806024887,9.8643794238801,9.86446126132443,9.86461343832305,9.86483573565798,9.86512784944354,9.86548939151928,9.86591988994433,9.86641878959214,9.86698545284511,9.86761916038808,9.86831911209981,9.86908442804112,9.86991414953881,9.87080724036369,9.87176258800154,9.87277900501528,9.87385523049677,9.87498993160652,9.8761817051994,9.87742907953433,9.8787305160661,9.88008441131692,9.88148909882565,9.88294285117221,9.88444388207499,9.88599034855842,9.88758035318852,9.88921194637324,9.89088312872548,9.89259185348537,9.89433602899935,9.89611352125289,9.89792215645384,9.89975972366348,9.90162397747192,9.90351264071489,9.90542340722846,9.90735394463863,9.9093018971823,9.91126488855632,9.91324052479125,9.91522639714641,9.91722008502264,9.91921915888952,9.92122118322337,9.92322371945262,9.92522432890695,9.92722057576683,9.92921003000976,9.93119027034983,9.93315888716694,9.93511348542241,9.93705168755715,9.93897113636928,9.94086949786747,9.94274446409678,9.94459375593339,9.94641512584514,9.94820636061432,9.94996528401955,9.95168975947351,9.95337769261335,9.95502703384059,9.95663578080754,9.9582019808472,9.95972373334367,9.96119919204015,9.96262656728197,9.96400412819162,9.96533020477331,9.96660318994451,9.96782154149187,9.96898378394927,9.97008851039562,9.97113438417022,9.97212014050355,9.97304458806153,9.97390661040136,9.97470516733701,9.97543929621282,9.97610811308348,9.97671081379905,9.97724667499353,9.9777150549758,9.97811539452179,9.97844721756682,9.97871013179723,9.97890382914059,9.97902808615365,9.97908276430776,9.97906781017111,9.97898325548757,9.97882921715209,9.9786058970824,9.97831358198735,9.97795264303185,9.97752353539895,9.97702679774944,9.9764630515795,9.97583300047725,9.97513742927897,9.9743772031259,9.97355326642283,9.9726666416995,9.97171842837641,9.97070980143623,9.96964201000246,9.96851637582713,9.96733429168913,9.96609721970531,9.96480668955611,9.96346429662813,9.96207170007555,9.96063062080307,9.95914283937254,9.9576101938359,9.95603457749709,9.95441793660561,9.95276226798452,9.95106961659576,9.94934207304581,9.94758177103469,9.94579088475135,9.94397162621882,9.94212624259214,9.94025701341258,9.93836624782136,9.93645628173639,9.93452947499546,9.93258820846938,9.93063488114865,9.92867190720719,9.9267017130468,9.92472673432596,9.92274941297662,9.92077219421265,9.91879752353374,9.91682784372818,9.91486559187854,9.91291319637368,9.91097307393098,9.90904762663214,9.90713923897667,9.90525027495624,9.90338307515376,9.9015399538707,9.89972319628612,9.89793505565104,9.89617775052142,9.89445346203332,9.89276433122346,9.8911124563986,9.88949989055682,9.88792863886398,9.88640065618841,9.88491784469688,9.88348205151473,9.88209506645315,9.88075861980622,9.87947438022061,9.87824395264037,9.87706887632948,9.87595062297439,9.87489059486909,9.87389012318477,9.87295046632627,9.8720728083773,9.87125825763628,9.87050784524476,9.86982252390993,9.8692031667228,9.86865056607365,9.86816543266589,9.86774839462974,9.8673999967366,9.86712069971526,9.86691087967075,9.86677082760654,9.86670074905063,9.86670076378617
6,9.75211040953911,9.75220095765884,9.75239160164481,9.75268214914003,9.75307228533694,9.7535615733362,9.75414945465453,9.75483524988115,9.75561815948192,9.75649726475053,9.75747152890525,9.75853979833043,9.75970080396085,9.76095316280771,9.76229537962422,9.76372584870879,9.76524285584406,9.76684458036892,9.76852909738164,9.77029438007102,9.7721383021731,9.77405864055036,9.77605307789032,9.77811920552033,9.78025452633525,9.78245645783434,9.78472233526375,9.78704941486101,9.78943487719716,9.79187583061294,9.79436931474459,9.79691230413494,9.79950171192562,9.80213439362558,9.8048071509516,9.80751673573585,9.81025985389584,9.81303316946183,9.81583330865679,9.81865686402378,9.82150039859582,9.82436045010295,9.82723353521137,9.83011615378935,9.83300479319479,9.83589593257881,9.8387860472004,9.84167161274651,9.84454910965233,9.8474150274164,9.85026586890517,9.85309815464163,9.85590842707279,9.85869325481058,9.86144923684104,9.86417300669641,9.86686123658509,9.86951064147433,9.8721179831204,9.87468007404158,9.87719378142863,9.87965603098834,9.88206381071501,9.88441417458544,9.88670424617277,9.88893122217472,9.89109237585187,9.89318506037178,9.8952067120547,9.89715485351708,9.89902709670883,9.90082114584071,9.90253480019812,9.90416595683809,9.90571261316582,9.90717286938795,9.90854493083932,9.90982711018049,9.9110178294633,9.91211562206201,9.91311913446752,9.91402712794265,9.91483848003644,9.91555218595544,9.91616735979064,9.91668323559828,9.91709916833337,9.91741463463478,9.91762923346091,9.91774268657519,9.91775483888088,9.9176656586047,9.91747523732916,9.91718378987342,9.9167916540231,9.91629929010906,9.91570728043594,9.91501632856104,9.9142272584245,9.91334101333177,9.9123586547898,9.91128136119818,9.910110426397,9.90884725807324,9.9074933760275,9.90605041030345,9.90452009918206,9.90290428704339,9.90120492209828,9.89942405399301,9.89756383128977,9.89562649882611,9.89361439495662,9.89152994868034,9.88937567665737,9.88715418011855,9.88486814167184,9.88252032200965,9.88011355652094,9.87765075181255,9.87513488214407,9.87256898578044,9.86995616126729,9.86729956363322,9.86460240052413,9.86186792827409,9.85909944791809,9.85630030115112,9.85347386623911,9.85062355388657,9.8477528030661,9.84486507681513,9.84196385800495,9.83905264508739,9.83613494782448,9.83321428300626,9.83029417016226,9.82737812727182,9.82446966647862,9.82157228981467,9.81868948493919,9.81582472089749,9.81298144390512,9.81016307316242,9.80737299670484,9.80461456729375,9.80189109835301,9.79920585995622,9.79656207486948,9.79396291465439,9.79141149583625,9.78891087614177,9.78646405081103,9.78407394898808,9.78174343019434,9.77947528088929,9.77727221112224,9.77513685127927,9.77307174892929,9.77107936577267,9.76916207469621,9.76732215693786,9.76556179936438,9.76388309186517,9.76228802486528,9.76077848696034,9.75935626267629,9.75802303035626,9.75678036017706,9.75562971229754,9.75457243514088,9.75360976381254,9.75274281865591,9.7519726039469,9.75130000672915,9.75072579579085,9.7502506207845,9.74987501149025,9.74959937722371,9.74942400638873,9.74934906617563,9.74937460240489,9.74950053951667,9.74972668070573,9.75005270820172,9.7504781836942,9.75100254890196,9.75162512628568,9.75234511990316,9.75316161640588,9.75407358617569,9.75507988460028,9.75617925348565,9.75737032260405,9.7586516113754,9.76002153068017,9.76147838480149,9.76302037349424,9.76464559417856,9.76635204425516,9.76813762353975,9.77000013681357,9.77193729648705,9.77394672537345,9.77602595956919,9.7781724514374,9.78038357269123,9.78265661757318,9.78498880612685,9.78737728755702,9.78981914367431,9.7923113924202,9.79485099146825,9.7974348418974,9.80005979193281,9.80272264074999,9.80542014233762,9.80814900941449,9.81090591739603,9.81368750840553,9.81649039532556,9.81931116588458,9.82214638677393,9.82499260779046,9.82784636599969,9.83070418991462,9.83356260368538,9.83641813129443,9.83926730075261,9.84210664829095,9.84493272254305,9.84774208871342,9.85053133272656,9.85329706535171,9.85603592629879,9.85874458828006,9.8614197610332,9.86405819530047,9.86665668675971,9.86921207990191,9.87172127185126,9.87418121612255,9.87658892631192,9.87894147971607,9.8812360208758,9.88346976503969,9.88564000154341,9.88774409710095,9.88977949900354,9.8917437382224,9.8936344324117,9.89544928880787,9.89718610702188,9.89884278172106,9.90041730519704,9.90190776981677,9.90331237035375,9.90462940619611,9.90585728342947,9.90699451679132,9.90803973149503,9.90899166492082,9.90984916817175,9.9106112074927,9.91127686555051,9.91184534257365,9.91231595734993,9.91268814808087,9.91296147309172,9.91313561139595,9.91321036311362,9.91318564974281,9.9130615142838,9.91283812121559,9.91251575632471,9.91209482638657,9.91157585869922,9.91095950047026,9.91024651805758,9.9094377960643,9.9085343362894,9.9075372565348,9.90644778927043,9.90526728015871,9.9039971864401,9.90263907518177,9.90119462139099,9.89966560599598,9.89805391369614,9.89636153068442,9.89459054224445,9.89274313022536,9.89082157039711,9.88882822968977,9.88676556331988,9.88463611180727,9.8824424978863,9.8801874233148,9.87787366558495,9.87550407453996,9.87308156890061,9.87060913270599,9.86808981167289,9.86552670947801,9.86292298396789,9.86028184330096,9.85760654202671,9.85490037710649,9.85216668388126,9.84940883199085,9.84663022125016,9.84383427748707,9.84102444834745,9.83820419907238,9.83537700825282,9.83254636356688,9.82971575750524,9.82688868308973,9.82406862959054,9.82125907824734,9.81846349799958,9.81568534123122,9.81292803953534,9.81019499950357,9.80748959854579,9.80481518074524,9.80217505275393,9.79957247973375,9.79701068134799,9.79449282780839,9.79202203598245,9.7896013655659,9.78723381532492,9.78492231941281,9.78266974376556,9.78047888258072,9.77835245488393,9.77629310118728,9.77430338024348,9.77238576590001,9.77054264405683,9.76877630973154,9.76708896423539,9.76548271246379,9.7639595603043,9.76252141216562,9.76117006863021,9.75990722423358,9.75873446537292,9.75765326834762,9.75666499753397,9.75577090369626,9.75497212243646,9.75426967278424,9.75366445592901,9.75315725409566,9.75274872956529,9.75243942384211,9.75222975696762,9.75212002698279,9.75211040953911
7,9.61845914244622,9.61857133917642,9.61881841267164,9.61920010917671,9.6197160100372,9.62036553217439,9.62114792876036,9.6220622900927,9.62310754466764,9.6242824604506,9.62558564634263,9.62701555384119,9.62857047889333,9.63024856393917,9.63204780014337,9.633966029812,9.63600094899212,9.63815011025083,9.64041092563095,9.6427806697794,9.64525648324514,9.64783537594226,9.6505142307747,9.65328980741776,9.65615874625236,9.65911757244713,9.66216270018344,9.66529043701855,9.66849698838122,9.6717784621948,9.67513087362194,9.67855014992516,9.68203213543754,9.68557259663731,9.68916722732019,9.69281165386314,9.69650144057309,9.70023209511391,9.70399907400517,9.70779778818567,9.7116236086349,9.71547187204563,9.71933788654023,9.72321693742403,9.72710429296811,9.73099521021475,9.73488494079789,9.73876873677163,9.7426418564393,9.74649957017593,9.75033716623668,9.75414995654422,9.75793328244749,9.76168252044495,9.76539308786493,9.7690604484961,9.77268011816103,9.77624767022578,9.77975874103874,9.78320903529196,9.78659433129824,9.78991048617728,9.79315344094486,9.79631922549824,9.79940396349201,9.80240387709799,9.8053152916437,9.80813464012336,9.81085846757601,9.8134834353253,9.81600632507587,9.81842404286111,9.82073362283766,9.8229322309219,9.82501716826397,9.82698587455524,9.82883593116506,9.83056506410301,9.83217114680314,9.83365220272673,9.83500640778047,9.83623209254713,9.83732774432609,9.83829200898109,9.83912369259323,9.839821762917,9.84038535063774,9.84081375042896,9.84110642180825,9.84126298979078,9.84128324533956,9.841167145612,9.84091481400241,9.84052653998043,9.84000277872553,9.83934415055817,9.83855144016809,9.83762559564096,9.83656772728423,9.83537910625397,9.83406116298397,9.83261548541951,9.83104381705745,9.82934805479534,9.82753024659215,9.8255925889434,9.82353742417379,9.82136723755079,9.81908465422254,9.816692435984,9.81419347787532,9.81159080461649,9.80888756688296,9.80608703742649,9.80319260704648,9.80020778041641,9.79713617177084,9.79398150045821,9.7907475863652,9.78743834521808,9.78405778376728,9.78060999486094,9.77709915241384,9.77352950627789,9.76990537702079,9.76623115061929,9.76251127307382,9.75875024495129,9.75495261586288,9.75112297888395,9.74726596492282,9.74338623704588,9.73948848476578,9.73557741830036,9.73165776280914,9.72773425261478,9.72381162541692,9.71989461650529,9.7159879529797,9.71209634798399,9.70822449496109,9.70437706193635,9.70055868583635,9.6967739668502,9.69302746284007,9.68932368380823,9.68566708642705,9.68206206863885,9.67851296433207,9.67502403810043,9.67159948009104,9.66824340094818,9.66495982685838,9.66175269470295,9.6586258473237,9.65558302890742,9.65262788049455,9.64976393561738,9.64699461607283,9.6443232278346,9.64175295710965,9.63928686654333,9.63692789157753,9.63467883696607,9.63254237345111,9.63052103460441,9.6286172138369,9.62683316157985,9.62517098264075,9.62363263373674,9.62221992120822,9.62093449891512,9.61977786631805,9.61875136674624,9.61785618585406,9.61709335026782,9.61646372642388,9.61596801959951,9.61560677313712,9.61538036786267,9.61528902169865,9.61533278947188,9.61551156291608,9.61582507086912,9.6162728796643,9.61685439371532,9.61756885629374,9.61841535049818,9.61939280041368,9.62049997246,9.62173547692689,9.62309776969466,9.62458515413776,9.62619578320913,9.62792766170282,9.6297786486921,9.63174646014022,9.63382867168066,9.63602272156363,9.63832591376528,9.64073542125603,9.64324828942413,9.64586143965047,9.6485716730304,9.65137567423821,9.65427001552987,9.6572511608791,9.66031547024223,9.66345920394661,9.66667852719755,9.66996951469858,9.67332815537941,9.67675035722637,9.68023195220929,9.68376870129944,9.68735629957221,9.69099038138904,9.69466652565194,9.69838026112496,9.70212707181597,9.7059024024125,9.70970166376537,9.71352023841341,9.71735348614293,9.72119674957521,9.72504535977556,9.7288946418771,9.73273992071281,9.73657652644891,9.74039980021321,9.74420509971137,9.74798780482468,9.75174332318248,9.75546709570279,9.75915460209435,9.76280136631355,9.76640296196993,9.76995501767333,9.77345322231691,9.77689333028911,9.78027116660876,9.78358263197696,9.78682370773961,9.78999046075484,9.79307904815934,9.79608572202782,9.79900683392012,9.80183883931031,9.8045783018926,9.80722189775866,9.80976641944148,9.81220877982065,9.81454601588449,9.81677529234426,9.8188939050962,9.820899284527,9.82278899865872,9.8245607561292,9.82621240900435,9.82774195541873,9.82914754204109,9.83042746636194,9.83158017879995,9.83260428462479,9.83349854569366,9.83426188199942,9.83489337302822,9.83539225892478,9.83575794146363,9.83598998482522,9.83608811617534,9.83605222604731,9.83588236852603,9.83557876123346,9.83514178511547,9.83457198402988,9.83387006413615,9.83303689308705,9.83207349902318,9.83098106937131,9.82976094944776,9.82841464086819,9.82694379976572,9.8253502348192,9.82363590509379,9.82180291769634,9.81985352524831,9.81779012317891,9.81561524684186,9.81333156845889,9.81094189389372,9.80844915926026,9.80585642736902,9.80316688401613,9.80038383411914,9.79751069770455,9.79455100575164,9.79150839589786,9.78838660801096,9.78518947963309,9.78192094130269,9.77858501175982,9.7751857930408,9.7717274654682,9.76821428254258,9.76465056574195,9.76104069923581,9.75738912451999,9.75370033497932,9.7499788703845,9.7462293113305,9.74245627362301,9.73866440262024,9.73485836753711,9.73104285571872,9.72722256689067,9.72340220739299,9.71958648440523,9.71578010016969,9.7119877462202,9.70821409762345,9.70446380724025,9.70074150001368,9.69705176729142,9.69339916118914,9.68978818900204,9.68622330767153,9.68270891831359,9.67924936081607,9.67584890851103,9.67251176292908,9.66924204864195,9.66604380819972,9.66292099716877,9.65987747927663,9.65691702166957,9.65404329028868,9.65125984537006,9.64857013707463,9.64597750125263,9.64348515534821,9.64109619444872,9.63881358748369,9.63664017357787,9.63457865856284,9.63263161165121,9.6308014622775,9.62909049710936,9.62750085723277,9.62603453551453,9.62469337414509,9.62347906236486,9.62239313437643,9.62143696744541,9.620611780192,9.61991863107547,9.61935841707317,9.61893187255588,9.6186395683607,9.61848191106271,9.61845914244622
8,9.46661843069644,9.46675312953461,9.46706189886651,9.46754441744088,9.46820015135251,9.46902835464321,9.4700280701598,9.47119813066826,9.47253716022294,9.47404357578929,9.47571558911864,9.47755120887265,9.47954824299552,9.48170430133112,9.48401679848221,9.48648295690876,9.48909981026165,9.49186420694818,9.4947728139255,9.49782212071733,9.50100844364968,9.5043279303006,9.50777656415886,9.51135016948612,9.515044416377,9.518854826011,9.52277677609027,9.52680550645657,9.53093612488093,9.53516361301901,9.53948283252493,9.54388853131637,9.54837534998319,9.5529378283318,9.55757041205736,9.56226745953551,9.56702324872545,9.57183198417547,9.57668780412276,9.58158478767823,9.58651696208757,9.59147831005951,9.59646277715198,9.60146427920699,9.60647670982484,9.61149394786819,9.6165098649867,9.62151833315251,9.62651323219718,9.6314884573406,9.63643792670215,9.64135558878482,9.64623542992281,9.651071481683,9.65585782821117,9.66058861351355,9.6652580486647,9.66986041893239,9.67439009081073,9.67884151895274,9.68320925299346,9.68748794425533,9.69167235232736,9.69575735150985,9.6997379371168,9.70360923162813,9.70736649068405,9.7110051089144,9.71452062559557,9.71790873012819,9.721165267329,9.72428624253019,9.72726782648029,9.73010636004054,9.73279835867105,9.73534051670144,9.73772971138069,9.73996300670156,9.74203765699471,9.74395111028853,9.74570101143038,9.74728520496592,9.74870173777256,9.74994886144443,9.75102503442579,9.75192892389025,9.75265940736391,9.75321557409007,9.75359672613422,9.75380237922789,9.75383226335028,9.753686323047,9.75336471748566,9.75286782024796,9.75219621885882,9.75135071405278,9.75033231877877,9.74914225694422,9.74778196190019,9.74625307466894,9.74455744191654,9.74269711367237,9.74067434079872,9.73849157221311,9.73615145186691,9.73365681548369,9.73101068706149,9.72821627514288,9.72527696885773,9.7221963337431,9.71897810734576,9.71562619461239,9.71214466307332,9.70853773782569,9.7048097963223,9.70096536297253,9.69700910356205,9.6929458194985,9.6887804418901,9.68451802546472,9.68016374233713,9.67572287563229,9.67120081297266,9.66660303983792,9.66193513280548,9.65720275268033,9.65241163752315,9.64756759558537,9.64267649816046,9.63774427236031,9.63277689382616,9.62778037938334,9.62276077964915,9.61772417160341,9.61267665113116,9.60762432554701,9.60257330611066,9.59752970054309,9.59249960555311,9.58748909938341,9.58250423438588,9.57755102963525,9.57263546359065,9.56776346681393,9.56294091475421,9.5581736206072,9.55346732825856,9.54882770531964,9.54426033626434,9.53977071567538,9.53536424160816,9.53104620908033,9.52682180369464,9.52269609540292,9.51867403241842,9.51476043528367,9.51095999110088,9.5072772479314,9.50371660937091,9.50028232930627,9.49697850686014,9.49380908152908,9.4907778285203,9.48788835429242,9.48514409230519,9.48254829898233,9.48010404989244,9.47781423615145,9.47568156105077,9.47370853691444,9.47189748218853,9.47025051876577,9.46876956954802,9.46745635624895,9.46631239743903,9.46533900683472,9.46453729183321,9.46390815229429,9.46345227956998,9.46317015578295,9.46306205335394,9.46312803477853,9.46336795265313,9.46378144994964,9.46436796053854,9.4651267099591,9.4660567164359,9.46715679214001,9.46842554469329,9.46986137891389,9.47146249880065,9.4732269097541,9.47515242103132,9.47723664843167,9.47947701721033,9.48187076521609,9.48441494624982,9.48710643363971,9.48994192402902,9.49291794137211,9.49603084113403,9.49927681468893,9.50265189391209,9.50615195596049,9.50977272823618,9.51350979352691,9.51735859531813,9.52131444327005,9.5253725188537,9.52952788113918,9.53377547272981,9.53811012583487,9.54252656847427,9.54701943080768,9.55158325158093,9.5562124846821,9.56090150579964,9.56564461917475,9.57043606444019,9.57527002353735,9.58014062770362,9.58504196452167,9.58996808502254,9.59491301083393,9.59987074136545,9.60483526102222,9.6098005464382,9.61476057372094,9.61970932569877,9.62464079916223,9.62954901209072,9.63442801085611,9.63927187739448,9.64407473633756,9.64883076209542,9.65353418588167,9.65817930267317,9.66276047809564,9.667272155227,9.67170886131037,9.67606521436861,9.6803359297125,9.68451582633479,9.68859983318238,9.69258299529914,9.69646047983196,9.70022758189292,9.70387973027027,9.70741249298159,9.71082158266232,9.71410286178308,9.71725234768958,9.72026621745888,9.72314081256624,9.72587264335661,9.72845839331558,9.73089492313441,9.73317927456395,9.735308674053,9.73728053616635,9.73909246677823,9.74074226603721,9.74222793109878,9.74354765862188,9.74469984702653,9.74568309850916,9.7464962208132,9.74713822875242,9.74760834548492,9.7479060035358,9.74803084556712,9.74798272489361,9.74776170574358,9.74736806326375,9.74680228326828,9.74606506173131,9.74515730402374,9.74408012389437,9.74283484219666,9.7414229853618,9.73984628362002,9.7381066689715,9.73620627290938,9.73414742389679,9.73193264460117,9.72956464888837,9.72704633858033,9.72438079997955,9.72157130016467,9.71862128306124,9.71553436529214,9.71231433181271,9.70896513133562,9.70549087155081,9.7018958141464,9.69818436963642,9.69436109200162,9.69043067314993,9.68639793720323,9.68226783461761,9.6780454361441,9.67373592663764,9.66934459872175,9.66487684631685,9.66033815804039,9.65573411048699,9.65107036139699,9.64635264272211,9.64158675359686,9.63677855322469,9.63193395368775,9.62705891268941,9.62215942623881,9.61724152128655,9.61231124832096,9.60737467393436,9.60243787336858,9.59750692304931,9.59258789311867,9.58768683997539,9.58280979883211,9.57796277629897,9.57315174300316,9.56838262625319,9.56366130275757,9.55899359140653,9.55438524612621,9.54984194881369,9.54536930236207,9.54097282378385,9.5366579374413,9.53242996839191,9.52829413585724,9.52425554682292,9.52031918977772,9.51648992859914,9.5127724965929,9.50917149069351,9.50569136583277,9.502336429483,9.49911083638127,9.4960185834412,9.49306350485795,9.49024926741231,9.48757936597947,9.48505711924755,9.48268566565089,9.48046795952297,9.47840676747315,9.47650466499174,9.474764033287,9.47318705635798,9.47177571830635,9.47053180089057,9.46945688132497,9.46855233032648,9.46781931041122,9.46725877444285,9.46687146443456,9.46665791060603,9.46661843069644
9,9.29756559365925,9.29772326697488,9.29809822660665,9.2986900787519,9.29949816442969,9.3005215602139,9.30175907928482,9.3032092727983,9.30487043157097,9.30674058808029,9.30881751877705,9.31109874670832,9.31358154444811,9.31626293733258,9.31913970699677,9.32220839520888,9.32546530799812,9.32890652007179,9.33252787951681,9.33632501278054,9.34029332992551,9.34442803015213,9.34872410758337,9.35317635730474,9.35777938165294,9.36252759674557,9.36741523924493,9.37243637334758,9.37758489799158,9.38285455427315,9.38823893306347,9.393731482817,9.3993255175615,9.40501422506021,9.41079067513629,9.41664782814918,9.42257854361239,9.42857558894223,9.43463164832616,9.44073933170013,9.44689118382324,9.45307969343841,9.45929730250744,9.46553641550867,9.47178940878546,9.47804863993349,9.48430645721493,9.49055520898728,9.49678725313504,9.50299496649178,9.50917075424086,9.51530705928242,9.52139637155486,9.52743123729878,9.53340426825147,9.53930815076032,9.54513565480342,9.55087964290597,9.55653307894113,9.56208903680415,9.56754070894899,9.57288141477641,9.57810460886345,9.58320388902352,9.58817300418766,9.59300586209665,9.59769653679494,9.60223927591698,9.60662850775709,9.61085884811435,9.61492510690414,9.61882229452838,9.62254562799696,9.62609053679284,9.62945266847399,9.63262789400558,9.63561231281595,9.63840225757061,9.64099429865855,9.64338524838574,9.64557216487079,9.64755235563838,9.64932338090621,9.65088305656172,9.65222945682503,9.6533609165952,9.65427603347687,9.65497366948506,9.65545295242611,9.65571327695313,9.65575430529465,9.6555759676557,9.6551784622906,9.65456225524756,9.65372807978506,9.65267693546076,9.6514100868939,9.64992906220242,9.64823565111665,9.64633190277156,9.64422012318015,9.64190287239069,9.63938296133129,9.63666344834505,9.63374763542017,9.63063906411915,9.62734151121195,9.62385898401817,9.62019571546379,9.6163561588585,9.61234498239959,9.60816706340931,9.60382748231253,9.59933151636211,9.59468463311969,9.58989248369987,9.58496089578635,9.57989586642847,9.57470355462751,9.56939027372178,9.56396248358039,9.55842678261551,9.55278989962326,9.54705868546389,9.54124010459175,9.53534122644598,9.52936921671328,9.52333132847378,9.5172348932417,9.51108731191248,9.50489604562792,9.49866860657162,9.49241254870628,9.4861354584654,9.47984494541104,9.47354863287016,9.46725414856152,9.46096911522532,9.45470114126777,9.44845781143264,9.44224667751168,9.43607524910598,9.42995098444997,9.42388128130976,9.41787346796723,9.41193479430132,9.40607242297765,9.40029342075734,9.39460474993581,9.38901325992202,9.38352567896847,9.37814860606175,9.37288850298355,9.36775168655138,9.3627443210482,9.35787241084979,9.35314179325809,9.34855813154928,9.34412690824363,9.33985341860531,9.33574276437902,9.33179984777025,9.32802936567571,9.32443580417018,9.32102343325519,9.31779630187551,9.31475823320799,9.3119128202278,9.30926342155639,9.30681315759516,9.30456490694858,9.30252130313999,9.30068473162329,9.29905732709299,9.297640971095,9.29643728994034,9.29544765292304,9.29467317084404,9.29411469484171,9.29377281553004,9.29364786244447,9.29373990379588,9.29404874653214,9.29457393670676,9.29531476015397,9.29627024346875,9.29743915529049,9.29882000788863,9.30041105904795,9.30221031425136,9.30421552915733,9.30642421236925,9.30883362849319,9.31144080148069,9.3142425182527,9.31723533260049,9.32041556935915,9.32377932884905,9.32732249158009,9.33104072321361,9.3349294797764,9.33898401312086,9.34319937662527,9.34757043112791,9.35209185108807,9.35675813096731,9.36156359182369,9.36650238811142,9.37156851467843,9.37675581395379,9.3820579833168,9.38746858263944,9.39298104199341,9.398588669513,9.40428465940476,9.41006210009455,9.41591398250277,9.42183320843788,9.42781259909867,9.43384490367516,9.43992280803812,9.44603894350699,9.45218589568592,9.45835621335726,9.46454241742241,9.47073700987895,9.47693248282373,9.48312132747106,9.48929604317521,9.49544914644669,9.50157317995125,9.507660721481,9.51370439288697,9.51969686896229,9.52563088626539,9.53149925187279,9.53729485205074,9.54301066083555,9.5486397485122,9.55417528998112,9.55961057300306,9.56493900631228,9.57015412758816,9.57524961127587,9.58021927624661,9.58505709328819,9.58975719241715,9.59431387000345,9.59872159569927,9.60297501916363,9.60706897657465,9.61099849692161,9.61475880806936,9.61834534258751,9.62175374333752,9.6249798688108,9.62801979821137,9.63086983627669,9.63352651783095,9.6359866120649,9.63824712653717,9.6403053108917,9.64215866028687,9.64380491853167,9.645242080925,9.64646839679411,9.64748237172905,9.64828276950974,9.64886861372303,9.6492391890673,9.64939404234263,9.64933298312463,9.64905608412078,9.64856368120813,9.64785637315177,9.64693502100392,9.64580074718358,9.64445493423734,9.64289922328224,9.64113551213181,9.63916595310713,9.63699295053475,9.63461915793397,9.63204747489642,9.62928104366088,9.62632324538716,9.62317769613306,9.61984824253859,9.61633895722242,9.61265413389573,9.60879828219891,9.60477612226716,9.60059257903127,9.59625277626031,9.59176203035329,9.58712584388724,9.58234989892945,9.57744005012206,9.57240231754746,9.56724287938329,9.56196806435611,9.55658434400326,9.55109832475244,9.54551673982918,9.53984644100232,9.5340943901779,9.52826765085248,9.52237337943639,9.51641881645829,9.51041127766235,9.50435814500932,9.49826685759317,9.49214490248505,9.48599980551626,9.47983912201217,9.473670427489,9.46750130832553,9.46133935242151,9.45519213985501,9.44906723355057,9.44297216996999,9.43691444983778,9.43090152891302,9.42494080881921,9.41903962794381,9.41320525241886,9.40744486719406,9.40176556721314,9.39617434870495,9.39067810059951,9.38528359607996,9.37999748428048,9.37482628214035,9.36977636642402,9.36485396591668,9.36006515380469,9.35541584025002,9.35091176516717,9.34655849121136,9.3423613969859,9.33832567047681,9.33445630272213,9.33075808172315,9.32723558660455,9.32389318203014,9.32073501288028,9.31776499919719,9.31498683140362,9.31240396580029,9.31001962034711,9.30783677073276,9.30585814673709,9.30408622889025,9.30252324543227,9.30117116957651,9.30003171707993,9.2991063441229,9.29839624550093,9.29790235313041,9.29762533487003,9.29756559365925
10,9.11237258810288,9.11255334175578,9.11299819033461,9.11370666354527,9.11467796922421,9.11591099420562,9.11740430557165,9.11915615228484,9.12116446720151,9.12342686946415,9.12594066727093,9.12870286101983,9.13171014682437,9.13495892039779,9.13844528130199,9.14216503755695,9.14611371060646,9.15028654063479,9.15467849222938,9.1592842603833,9.16409827683167,9.16911471671511,9.17432750556319,9.17973032659036,9.18531662829634,9.1910796323626,9.19701234183598,9.2031075495903,9.2093578470561,9.21575563320847,9.22229312380235,9.22896236084445,9.2357552222903,9.24266343195479,9.24967856962414,9.25679208135669,9.26399528996,9.27127940563081,9.27863553674477,9.28605470078213,9.29352783537547,9.30104580946531,9.30859943454926,9.31617947601022,9.32377666450883,9.3313817074253,9.33898530033602,9.34657813850949,9.35415092840696,9.36169439917232,9.36919931409667,9.37665648204212,9.3840567688101,9.39139110843949,9.3986505144195,9.40582609080305,9.41290904320616,9.41989068967908,9.42676247143539,9.43351596342507,9.44014288473847,9.4466351088276,9.45298467353213,9.45918379089759,9.46522485677331,9.47110046017861,9.47680339242534,9.48232665598604,9.48766347309674,9.4928072940842,9.4977518054075,9.50249093740475,9.50701887173543,9.51133004851002,9.51541917309839,9.51928122260933,9.52291145203351,9.52630540004326,9.52945889444216,9.53236805725863,9.53502930947772,9.53743937540566,9.53959528666243,9.54149438579791,9.54313432952746,9.54451309158343,9.54562896517928,9.54648056508373,9.54706682930229,9.54738702036449,9.54744072621518,9.54722786070869,9.54674866370539,9.54600370077017,9.54499386247306,9.54372036329274,9.54218474012362,9.54038885038829,9.53833486975705,9.53602528947674,9.53346291331196,9.53065085410162,9.52759252993452,9.52429165994833,9.52075225975623,9.51697863650653,9.51297538358061,9.50874737493531,9.50429975909613,9.49963795280821,9.49476763435246,9.48969473653476,9.48442543935648,9.47896616237523,9.47332355676497,9.46750449708528,9.46151607276985,9.45536557934487,9.44906050938827,9.44260854324124,9.43601753948379,9.42929552518666,9.42245068595207,9.41549135575628,9.40842600660708,9.40126323802989,9.39401176639634,9.38668041410913,9.37927809865798,9.3718138215607,9.36429665720457,9.3567357416025,9.34914026107932,9.34151944090305,9.33388253387652,9.32623880890438,9.31859753955092,9.31096799260368,9.30335941665818,9.29578103073879,9.28824201297066,9.28075148931759,9.27331852240048,9.26595210041086,9.25866112613363,9.25145440609329,9.24434063983705,9.23732840936857,9.23042616874532,9.22364223385246,9.21698477236559,9.21046179391462,9.2040811404604,9.19785047689551,9.19177728187997,9.18586883892267,9.18013222771836,9.17457431574993,9.16920175016533,9.16402094993773,9.15903809831741,9.15425913558312,9.14968975210063,9.1453353816951,9.14120119534421,9.13729209519792,9.1336127089307,9.13016738443136,9.12696018483546,9.12399488390458,9.12127496175656,9.11880360095022,9.11658368292775,9.11461778481772,9.11290817660081,9.11145681864064,9.11026535958111,9.10933513461161,9.10866716410106,9.10826215260124,9.10812048821987,9.1082422423629,9.10862716984596,9.10927470937393,9.1101839843875,9.11135380427529,9.11278266594975,9.11446875578459,9.1164099519114,9.11860382687258,9.1210476506275,9.1237383939085,9.12667273192282,9.12984704839645,9.1332574399555,9.13689972084025,9.14076942794684,9.14486182619113,9.14917191418901,9.15369443024709,9.1584238586572,9.16335443628815,9.16848015946744,9.17379479114564,9.17929186833559,9.18496470981829,9.19080642410718,9.19680991766193,9.2029679033427,9.20927290909555,9.21571728685917,9.22229322168308,9.22899274104688,9.2358077243701,9.24272991270166,9.2497509185779,9.2568622360379,9.26405525078431,9.271321250478,9.27865143515447,9.28603692774977,9.29346878472349,9.30093800676641,9.30843554957993,9.31595233471449,9.32347926045421,9.33100721273447,9.33852707607956,9.34602974454718,9.35350613266658,9.36094718635735,9.36834389381547,9.3756872963537,9.38296849918316,9.39017868212303,9.39730911022563,9.40435114430391,9.41129625134878,9.41813601482365,9.42486214482394,9.43146648808918,9.43794103785586,9.44427794353903,9.4504695202313,9.4565082580076,9.46238683102486,9.46809810640547,9.47363515289407,9.47899124927749,9.4841598925574,9.48913480586626,9.49390994611707,9.4984795113776,9.50283794796045,9.50697995722044,9.51090050205097,9.51459481307174,9.51805839450013,9.52128702969929,9.52427678639579,9.52702402156087,9.52952538594864,9.53177782828591,9.53377859910818,9.53552525423652,9.53701565789125,9.53824798543765,9.53922072576021,9.53993268326181,9.54038297948482,9.54057105435144,9.5404966670211,9.54015989636301,9.53956114104247,9.53870111922015,9.53758086786342,9.53620174167001,9.53456541160417,9.53267386304613,9.5305293935561,9.52813461025465,9.52549242682153,9.52260606011571,9.51947902641968,9.51611513731175,9.51251849517039,9.50869348831523,9.50464478578991,9.50037733179226,9.49589633975796,9.49120728610418,9.48631590364053,9.48122817465442,9.47595032367938,9.47048880995442,9.46485031958377,9.45904175740613,9.45307023858363,9.44694307992058,9.44066779092298,9.43425206460974,9.42770376808754,9.42103093290081,9.41424174516966,9.40734453552801,9.40034776887515,9.39326003395391,9.3860900327691,9.37884656985985,9.37153854144024,9.36417492442202,9.35676476533429,9.34931716915446,9.3418412880652,9.33434631015237,9.32684144805858,9.31933592760741,9.31183897641322,9.30435981249136,9.29690763288376,9.28949160231464,9.28212084189099,9.2748044178625,9.26755133045528,9.26037050279369,9.25327076992434,9.24626086795597,9.23934942332914,9.23254494222871,9.22585580015249,9.21929023164867,9.21285632023458,9.20656198850899,9.20041498846964,9.19442289204763,9.1885930818697,9.18293274225916,9.17744885048587,9.17214816827531,9.16703723358629,9.16212235266651,9.15740959239497,9.15290477291939,9.14861346059698,9.14454096124602,9.14069231371553,9.13707228377993,9.13368535836524,9.13053574011262,9.12762734228533,9.1249637840241,9.12254838595595,9.12038416616108,9.11847383650188,9.11681979931796,9.11542414449056,9.11428864687943,9.11341476413492,9.11280363488759,9.11245607731718,9.11237258810288
11,8.91219393075159,8.91239752516186,8.91291515344263,8.9137462660444,8.91488993135442,8.91634483669459,8.91810928976894,8.92018122055964,8.92255818367062,8.92523736111674,8.92821556555696,8.93148924396851,8.93505448175968,8.93890700731741,8.94304219698627,8.94745508047421,8.95214034668073,8.95709234994178,8.96230511668603,8.96777235249608,8.97348744956776,8.97944349456049,8.98563327683046,8.99204929703861,8.99868377612417,9.00552866463448,9.01257565240082,9.01981617854979,9.02724144183895,9.03484241130507,9.04260983721264,9.05053426228982,9.05860603323863,9.06681531250526,9.07515209029642,9.0836061968267,9.09216731478183,9.10082499198183,9.10956865422833,9.11838761831918,9.12727110521364,9.136208253331,9.14518813196513,9.15419975479719,9.16323209348857,9.17227409133607,9.1813146769709,9.19034277808325,9.19934733515399,9.208317315175,9.21724172533985,9.22610962668632,9.23491014767257,9.24363249766884,9.25226598034664,9.26080000694777,9.26922410941562,9.27752795337145,9.28570135091889,9.29373427325979,9.30161686310547,9.30933944686744,9.31689254661197,9.3242668917638,9.33145343054426,9.33844334112976,9.34522804251707,9.3517992050823,9.3581487608209,9.36426891325671,9.37015214700838,9.37579123700214,9.38117925732048,9.38630958967652,9.39117593150486,9.39577230365961,9.40009305771154,9.40413288283604,9.40788681228461,9.41135022943301,9.41451887339953,9.41738884422735,9.41995660762568,9.42221899926456,9.42417322861883,9.42581688235719,9.42714792727261,9.42816471275125,9.42886597277685,9.42925082746852,9.42931878415005,9.42906973794947,9.42850397192793,9.42762215673739,9.42642534980721,9.42491499406018,9.42309291615876,9.42096132428319,9.41852280544313,9.41578032232559,9.41273720968158,9.40939717025542,9.40576427026024,9.40184293440443,9.39763794047385,9.39315441347552,9.38839781934885,9.38337395825109,9.3780889574243,9.37254926365166,9.36676163531167,9.360733134039,9.35447111600195,9.34798322280647,9.34127737203764,9.33436174744995,9.32724478881844,9.31993518146313,9.31244184545981,9.30477392455103,9.29694077477114,9.28895195280047,9.28081720406337,9.27254645058623,9.26414977863115,9.25563742612206,9.24701976988009,9.23830731268541,9.22951067018314,9.22064055765123,9.21170777664833,9.2027232015601,9.19369776606228,9.18464244951932,9.17556826333715,9.16648623728892,9.15740740583243,9.14834279443804,9.13930340594563,9.13030020696924,9.12134411436771,9.11244598179944,9.10361658637937,9.09486661545571,9.08620665352384,9.07764716929436,9.06919850293195,9.06087085348137,9.05267426649621,9.04461862188598,9.03671362199617,9.02896877993587,9.02139340816675,9.01399660736654,9.00678725558013,8.99977399767022,8.99296523507929,8.98636911591406,8.9799935253628,8.97384607645555,8.96793410117658,8.96226464193791,8.95684444342207,8.95167994480192,8.94677727234441,8.94214223240515,8.93778030481963,8.93369663669671,8.92989603661944,8.92638296925757,8.92316155039611,8.92023554238318,8.91760835000045,8.91528301675895,8.91326222162221,8.9115482761589,8.91014312212616,8.9090483294848,8.90826509484696,8.90779424035657,8.90763621300253,8.90779108436413,8.90825855078794,8.90903793399517,8.91012818211785,8.91152787116216,8.91323520689676,8.91524802716357,8.91756380460832,8.92017964982758,8.923092314929,8.92629819750068,8.92979334498575,8.93357345945742,8.93763390278981,8.94196970221923,8.94657555629024,8.95144584118069,8.95657461739922,8.9619556368485,8.96758235024714,8.97344791490264,8.97954520282757,8.98586680919045,8.99240506109276,8.99915202666286,9.00609952445715,9.01323913315866,9.02056220156256,9.02805985883788,9.03572302505408,9.04354242196121,9.05150858401138,9.05961186960924,9.06784247257908,9.07619043383499,9.08464565324115,9.09319790164826,9.10183683309221,9.11055199714065,9.11933285137291,9.12816877397859,9.13704907645957,9.14596301642041,9.15489981043171,9.16384864695096,9.17279869928507,9.18173913857906,9.19065914681497,9.19954792980519,9.20839473016441,9.21718884024422,9.22591961501483,9.23457648487786,9.24314896839482,9.25162668491568,9.2599993670922,9.26825687326073,9.27638919967963,9.28438649260632,9.29223906019951,9.29993738423234,9.30747213160216,9.31483416562334,9.32201455708971,9.32900459509315,9.33579579758582,9.34237992167332,9.34874897362665,9.35489521860127,9.36081119005156,9.36648969882991,9.37192384195945,9.37710701107028,9.38203290048915,9.38669551497314,9.39108917707804,9.39520853415277,9.39904856495146,9.40260458585512,9.40587225669557,9.40884758617415,9.41152693686875,9.41390702982271,9.41598494870963,9.41775814356869,9.41922443410534,9.42038201255277,9.42122944608992,9.42176567881231,9.42199003325229,9.421902211446,9.42150229554448,9.42079074796715,9.41976841109617,9.4184365065106,9.41679663376024,9.41485076867882,9.41260126123745,9.4100508329392,9.40720257375663,9.40405993861445,9.40062674341999,9.3969071606449,9.392905714462,9.38862727544181,9.38407705481382,9.37926059829814,9.37418377951408,9.36885279297235,9.36327414665859,9.35745465421625,9.35140142673773,9.34512186417312,9.33862364636646,9.33191472373033,9.3250033075696,9.3178978600666,9.31060708393963,9.30313991178794,9.29550549513658,9.28771319319508,9.27977256134441,9.27169333936716,9.26348543943641,9.25515893387893,9.24672404272916,9.23819112109031,9.22957064631963,9.22087320505507,9.21210948010061,9.20329023718826,9.19442631163427,9.18552859490796,9.17660802113093,9.16767555352519,9.15874217082844,9.14981885369451,9.14091657109755,9.13204626675791,9.12321884560774,9.11444516031436,9.10573599787895,9.09710206632817,9.08855398151588,9.08010225405198,9.07175727637504,9.06352930998488,9.05542847285142,9.047464727015,9.03964786639353,9.03198750481125,9.02449306426342,9.01717376343062,9.0100386064563,9.00309637200039,8.99635560258134,8.98982459421867,8.98351138638739,8.97742375229524,8.97156918949331,8.96595491082981,8.96058783575667,8.95547458199779,8.95062145758749,8.94603445328722,8.94171923538795,8.93768113890544,8.93392516117501,8.93045595585184,8.92727782732278,8.92439472553477,8.92181024124491,8.91952760169657,8.9175496667257,8.91587892530093,8.91451749250089,8.91346710693156,8.9127291285862,8.91230453715003,8.91219393075159
12,8.69825396109033,8.69847983821948,8.69907232876938,8.70003080239276,8.70135418370073,8.70304095338279,8.70508914984248,8.70749637134815,8.71025977869808,8.71337609839832,8.71684162635179,8.72065223205628,8.72480336330877,8.72929005141303,8.73410691688682,8.73924817566471,8.74470764579175,8.750478754603,8.75655454638298,8.76292769049874,8.76959048999964,8.77653489067614,8.78375249056931,8.79123454992216,8.79897200156318,8.80695546171158,8.81517524119335,8.82362135705634,8.83228354457169,8.84115126960863,8.85021374136856,8.85945992546381,8.86887855732566,8.87845815592574,8.88818703779393,8.89805333131542,8.90804499128909,8.91814981372851,8.92835545088636,8.93864942648291,8.94901915111797,8.95945193784614,8.96993501789413,8.9804555564989,8.99100066884497,9.00155743607901,9.01211292137969,9.02265418606048,9.03316830568315,9.04364238615968,9.05406357982015,9.06441910142454,9.07469624409616,9.08488239515497,9.09496505182906,9.1049318368228,9.11477051372084,9.12446900220703,9.13401539307823,9.14339796303305,9.15260518921642,9.16162576350098,9.17044860648734,9.17906288120533,9.18745800649955,9.19562367008246,9.20354984123951,9.21122678317111,9.21864506495701,9.22579557312921,9.23266952284051,9.23925846861586,9.24555431467508,9.25154932481546,9.257236131844,9.2626077465491,9.26765756620269,9.27237938258392,9.27676738951642,9.28081618991161,9.28452080231099,9.28787666692118,9.29087965113564,9.29352605453779,9.29581261338057,9.29773650453823,9.29929534892611,9.3004872143854,9.30131061802942,9.30176452804936,9.30184836497703,9.30156200240322,9.30090576715047,9.29988043889949,9.29848724926905,9.29672788034958,9.2946044626912,9.29211957274733,9.28927622977574,9.28607789219921,9.28252845342864,9.27863223715195,9.27439399209275,9.26981888624335,9.26491250057713,9.25968082224636,9.25413023727165,9.2482675227303,9.24209983845151,9.23563471822674,9.22888006054471,9.22184411886096,9.21453549141279,9.20696311059092,9.19913623188044,9.19106442238372,9.18275754893938,9.17422576585153,9.16547950224491,9.15652944906153,9.14738654571581,9.13806196642546,9.1285671062362,9.1189135667589,9.1091131416386,9.09917780177507,9.08911968031537,9.07895105743927,9.06868434495881,9.05833207075361,9.04790686306401,9.03742143466442,9.02688856693916,9.01632109388379,9.00573188605454,8.99513383448884,8.98453983461972,8.97396277020706,8.96341549730822,8.95291082831076,8.94246151604937,8.93208023802924,8.92177958077738,8.91157202434331,8.90146992696994,8.89148550995506,8.88163084272325,8.87191782812766,8.86235818800015,8.85296344896816,8.84374492855552,8.83471372158402,8.82588068689187,8.81725643438426,8.80885131243077,8.8006753956233,8.79273847290789,8.78505003610248,8.77761926881264,8.77045503575572,8.76356587250389,8.75695997565534,8.75064519344242,8.7446290167846,8.73891857079385,8.73352060673881,8.72844149447406,8.7236872153397,8.71926335553623,8.71517509997899,8.71142722663569,8.70802410135049,8.70496967315721,8.70226747008385,8.6999205954503,8.69793172466054,8.69630310249027,8.69503654087058,8.69413341716771,8.69359467295893,8.69342081330371,8.69361190650976,8.69416758439223,8.69508704302512,8.69636904398265,8.69801191606874,8.70001355753213,8.70237143876432,8.70508260547743,8.7081436823585,8.71155087719664,8.71529998547896,8.71938639545094,8.72380509363657,8.72855067081307,8.7336173284349,8.73899888550103,8.74468878585933,8.75068010594134,8.75696556292036,8.76353752328514,8.77038801182132,8.77750872099199,8.78489102070836,8.79252596848116,8.80040431994254,8.80851653972822,8.8168528127086,8.82540305555753,8.83415692864636,8.843103848251,8.85223299905858,8.86153334696032,8.87099365211644,8.88060248227839,8.89034822635356,8.90021910819672,8.91020320061246,8.92028843955209,8.9304626384884,8.94071350295114,8.95102864520564,8.96139559905718,8.97180183476278,8.98223477403239,8.99268180510094,9.00313029785276,9.01356761897967,9.02398114715375,9.03435828819619,9.04468649022325,9.05495325875041,9.06514617173604,9.07525289454587,9.08526119481966,9.09515895722168,9.10493419805684,9.11457507973446,9.12406992506188,9.13340723135063,9.14257568431785,9.1515641717662,9.16036179702588,9.16895789214255,9.17734203079548,9.1855040409307,9.19343401709414,9.20112233245029,9.2085596504726,9.21573693629166,9.22264546768825,9.22927684571859,9.23562300495938,9.24167622336103,9.24742913169767,9.2528747226031,9.25800635918226,9.26281778318832,9.26730312275573,9.27145689968044,9.27527403623847,9.27874986153476,9.28188011737463,9.28466096365054,9.28708898323738,9.28916118638988,9.29087501463637,9.29222834416326,9.29321948868535,9.29384720179753,9.29411067880367,9.29400955801919,9.29354392154434,9.29271429550548,9.29152164976248,9.28996739708055,9.28805339176564,9.28578192776307,9.28315573621939,9.28017798250838,9.27685226272252,9.27318259963198,9.26917343811371,9.26482964005405,9.26015647872882,9.25515963266561,9.24984517899365,9.24421958628747,9.23828970691114,9.2320627688709,9.22554636718433,9.21874845477542,9.21167733290535,9.20434164114978,9.19675034693396,9.18891273463811,9.18083839428588,9.1725372098297,9.16401934704754,9.15529524106623,9.14637558352729,9.13727130941171,9.12799358354118,9.11855378677328,9.10896350190942,9.09923449933421,9.08937872240595,9.07940827261826,9.06933539455311,9.05917246064618,9.0489319557856,9.03862646176566,9.02826864161699,9.0178712238351,9.00744698652952,8.99700874151514,8.98656931836846,8.97614154847036,8.96573824905761,8.95537220730514,8.94505616446055,8.93480280005248,8.92462471619412,8.91453442200277,8.90454431815586,8.89466668160382,8.88491365045938,8.87529720908262,8.86582917338049,8.85652117633908,8.84738465380634,8.83843083054217,8.82967070655268,8.82111504372423,8.81277435277272,8.8046588805226,8.79677859752976,8.78914318606155,8.78176202844666,8.774644195807,8.76779843718297,8.76123316906294,8.75495646532724,8.74897604761615,8.74329927613102,8.7379331408769,8.73288425335466,8.72815883870985,8.7237627283453,8.71970135300363,8.71597973632568,8.71260248889016,8.70957380273955,8.70689744639671,8.70457676037635,8.70261465319507,8.70101359788328,8.69977562900204,8.69890234016725,8.69839488208365,8.69825396109033
13,8.47183365409844,8.47208096966438,8.47274960802345,8.47383885773542,8.47534749731992,8.47727379648352,8.47961551792652,8.48236991972957,8.48553375831952,8.48910329201388,8.49307428514284,8.49744201274714,8.50220126585003,8.50734635730088,8.5128711281874,8.51876895481327,8.52503275623693,8.53165500236699,8.53862772260907,8.54594251505797,8.55359055622846,8.56156261131748,8.56984904498916,8.57843983267383,8.58732457237103,8.59649249694566,8.60593248690565,8.61563308364838,8.62558250316249,8.63576865017039,8.64617913269617,8.65680127704238,8.66762214315856,8.67862854038302,8.68980704353907,8.70114400936531,8.71262559325951,8.72423776631405,8.73596633262082,8.74779694682223,8.75971513188451,8.77170629706911,8.78375575607688,8.79584874533992,8.80797044243499,8.82010598459236,8.83224048727368,8.84435906279207,8.85644683894766,8.86848897765188,8.88047069351347,8.8923772723597,8.90419408966618,8.91590662886909,8.92750049953383,8.9389614553546,8.95027541195992,8.96142846449939,8.97240690498783,8.98319723938357,8.99378620437792,9.00416078387424,9.01430822513518,9.02421605457787,9.03387209319723,9.04326447159895,9.05238164462391,9.0612124055473,9.06974589983587,9.07797163844831,9.085879510664,9.0934597964265,9.10070317818912,9.10760075225018,9.11414403956705,9.12032499603817,9.12613602224344,9.13156997263387,9.13662016416199,9.14128038434541,9.14554489875623,9.14940845792987,9.15286630368717,9.15591417486445,9.15854831244633,9.16076546409711,9.16256288808638,9.16393835660541,9.1648901584713,9.16541710121584,9.16551851255704,9.16519424125131,9.16444465732479,9.16327065168282,9.16167363509679,9.15965553656843,9.15721880107141,9.15436638667143,9.15110176102571,9.14742889726389,9.14335226925252,9.13887684624625,9.13400808692914,9.12875193285039,9.12311480125935,9.11710357734561,9.11072560589039,9.10398868233653,9.09690104328522,9.08947135642818,9.08170870992528,9.07362260123817,9.06522292543164,9.05651996295533,9.04752436691926,9.03824714987787,9.02869967013793,9.018893617607,9.00884099919978,8.99855412382081,8.988045586943,8.97732825480213,8.96641524822861,8.95531992613845,8.94405586870637,8.93263686024455,8.92107687181136,8.90939004357513,8.89759066695836,8.88569316658849,8.87371208208191,8.86166204968789,8.8495577838199,8.83741405850156,8.82524568875505,8.81306751195946,8.80089436920691,8.78874108668398,8.77662245710582,8.76455322123017,8.75254804947815,8.74062152368825,8.7287881190294,8.71706218609882,8.70545793322916,8.6939894090294,8.68267048518277,8.67151483952449,8.66053593942114,8.64974702547272,8.63916109555752,8.62879088923899,8.61864887255287,8.60874722319198,8.59909781610482,8.58971220952355,8.58060163143554,8.57177696651199,8.56324874350605,8.55502712313183,8.54712188643495,8.53954242366422,8.53229772365312,8.52539636371911,8.51884650008765,8.51265585884739,8.50683172744189,8.50138094670273,8.49630990342813,8.49162452351057,8.4873302656163,8.48343211541899,8.47993458038944,8.47684168514263,8.47415696734299,8.47188347416829,8.4700237593324,8.46857988066655,8.46755339825846,8.4669453731486,8.46675636658227,8.46698643981621,8.46763515447796,8.46870157347601,8.4701842624588,8.47208129181994,8.47439023924716,8.47710819281213,8.48023175459796,8.48375704486116,8.48767970672426,8.49199491139532,8.49669736390991,8.50178130939125,8.50724053982331,8.51306840133177,8.51925780196705,8.52580121998328,8.53269071260663,8.53991792528587,8.54747410141764,8.55535009253823,8.56353636897313,8.57202303093517,8.58079982006122,8.58985613137712,8.59918102567937,8.60876324232205,8.61859121239631,8.62865307228933,8.63893667760889,8.64942961745903,8.66011922905161,8.67099261263804,8.68203664674446,8.69323800369355,8.70458316539493,8.71605843938609,8.72764997510488,8.73934378037412,8.75112573807857,8.76298162301376,8.77489711888621,8.78685783544358,8.79884932571369,8.81085710333041,8.82286665992477,8.83486348255896,8.84683307118125,8.85876095607932,8.87063271530994,8.88243399208252,8.8941505120746,8.90576810065692,8.9172727000065,8.92865038608597,8.9398873854677,8.95097009198177,8.96188508316698,8.97261913650469,8.9831592454153,8.99349263499819,9.00360677749586,9.0134894074638,9.02312853662817,9.03251246841358,9.04162981212427,9.05046949676194,9.0590207844647,9.06727328355159,9.07521696115803,9.0828421554479,9.09013958738882,9.09710037207727,9.10371602960116,9.10997849542786,9.11588013030597,9.12141372967025,9.12657253253879,9.13135022989285,9.13574097252955,9.13973937837871,9.14334053927507,9.14654002717795,9.14933389983076,9.1517187058531,9.1536914892589,9.15524979339433,9.15639166428958,9.15711565341945,9.15742081986774,9.1573067318911,9.1567734678786,9.15582161670359,9.15445227746512,9.1526670586165,9.15046807647956,9.14785795314324,9.14483981374629,9.14141728314403,9.13759448196008,9.13337602202468,9.12876700120172,9.12377299760754,9.11840006322544,9.11265471692021,9.10654393685849,9.10007515234104,9.09325623505414,9.08609548974833,9.07860164435349,9.07078383954022,9.06265161773839,9.05421491162503,9.04548403209399,9.03646965572165,9.02718281174322,9.01763486855542,9.00783751976238,8.99780276978222,8.98754291903299,8.97707054871729,8.9663985052259,8.95553988418145,8.94450801414398,8.93331644000098,8.92197890606508,8.91050933890331,8.89892182992234,8.88723061773448,8.87545007033005,8.86359466708162,8.85167898060616,8.83971765851153,8.82772540505354,8.81571696273016,8.80370709383951,8.79171056202792,8.77974211385451,8.76781646039855,8.75594825893532,8.74415209470622,8.73244246280814,8.720833750227,8.70934021803967,8.69797598380782,8.68675500418695,8.67569105777294,8.66479772820782,8.65408838756588,8.64357618004032,8.6332740059498,8.62319450608384,8.61335004640465,8.60375270312253,8.59441424816108,8.58534613502749,8.57655948510248,8.56806507436358,8.55987332055466,8.55199427081372,8.54443758977038,8.53721254812351,8.53032801170886,8.52379243106586,8.5176138315119,8.51179980373206,8.5063574948913,8.50129360027586,8.49661435546981,8.49232552907237,8.48843241596107,8.48493983110517,8.48185210393387,8.47917307326276,8.47690608278213,8.47505397711019,8.47361909841392,8.47260328360002,8.47200786207818,8.47183365409844
14,8.23425719367258,8.2345248537938,8.23527015053407,8.23649229231528,8.23818991130093,8.24036106470909,8.24300323676476,8.24611334129241,8.2496877249492,8.25372217109898,8.25821190432724,8.26315159559646,8.26853536804124,8.27435680340199,8.28060894909559,8.28728432592077,8.29437493639557,8.30187227372328,8.30976733138292,8.31805061333922,8.32671214486637,8.33574148397894,8.34512773346234,8.35485955349429,8.36492517484749,8.37531241266302,8.38600868078232,8.3970010066248,8.40827604659695,8.41982010201726,8.43161913554047,8.44365878806304,8.45592439609085,8.46840100954855,8.48107341000918,8.49392612932115,8.5069434686087,8.52010951762093,8.53340817440333,8.54682316526475,8.56033806501198,8.57393631742316,8.58760125593049,8.60131612448215,8.61506409855258,8.62882830627008,8.64259184962996,8.65633782576153,8.67004934821683,8.68370956824911,8.69730169604887,8.7108090219058,8.72421493726481,8.73750295564498,8.75065673339058,8.76366009022389,8.77649702957022,8.78915175862612,8.80160870814274,8.81385255189704,8.82586822582437,8.83764094678724,8.84915623095579,8.86039991177657,8.87135815750754,8.88201748829812,8.89236479279419,8.90238734424919,8.91207281612358,8.92140929715587,8.93038530588973,8.93898980464248,8.94721221290165,8.9550424201369,8.96247079801577,8.96948821201273,8.97608603240148,8.98225614462174,8.98799095901211,8.9932834199016,8.99812701405288,9.00251577845095,9.00644430743177,9.00990775914523,9.01290186134814,9.01542291652272,9.01746780631683,9.01903399530231,9.0201195340483,9.02072306150675,9.02084380670753,9.02048158976095,9.01963682216579,9.01831050642125,9.01650423494171,9.01422018827311,9.01146113261086,9.0082304166189,9.0045319675504,9.00037028667096,8.99575044398575,8.99067807227259,8.98515936042354,8.97920104609855,8.9728104076951,8.96599525563891,8.95876392300143,8.95112525545094,8.94308860054499,8.93466379637278,8.92586115955771,8.91669147263067,8.90716597078654,8.89729632803716,8.88709464277536,8.87657342276599,8.86574556958102,8.85462436249713,8.84322344187551,8.83155679204482,8.81963872370942,8.8074838559064,8.79510709753598,8.78252362849087,8.76974888041159,8.75679851709556,8.74368841458857,8.73043464098856,8.71705343599199,8.70356119021402,8.68997442431433,8.67630976796088,8.66258393866427,8.64881372051569,8.63501594286187,8.62120745895007,8.6074051245766,8.59362577677193,8.5798862125553,8.56620316779139,8.55259329618123,8.53907314841872,8.52565915154387,8.51236758852284,8.49921457808395,8.48621605483842,8.47338774971289,8.46074517072046,8.44830358409526,8.43607799581487,8.42408313353341,8.41233342894714,8.40084300061277,8.38962563723795,8.37869478146156,8.36806351414061,8.3577445391589,8.34775016877163,8.33809230949868,8.3287824485782,8.31983164099087,8.31125049706428,8.30304917066522,8.29523734798751,8.28782423694103,8.28081855714743,8.27422853054675,8.26806187261835,8.26232578421897,8.25702694403995,8.25217150168492,8.24776507136887,8.24381272623887,8.24031899331621,8.2372878490596,8.23472271554822,8.23262645728378,8.23100137860974,8.22984922174629,8.22917116543907,8.22896782421957,8.22923924827512,8.22998492392617,8.23120377470835,8.23289416305702,8.23505389259146,8.2376802109963,8.24076981349714,8.2443188469276,8.24832291438458,8.25277708046861,8.25767587710581,8.26301330994767,8.26878286534484,8.27497751789054,8.28158973852913,8.28861150322452,8.29603430218336,8.30384914962672,8.31204659410394,8.32061672934158,8.3295492056197,8.33883324166721,8.3484576370672,8.35841078516238,8.36868068645012,8.37925496245571,8.39012087007147,8.40126531634889,8.4126748737295,8.42433579569998,8.4362340328555,8.44835524935488,8.46068483974998,8.473207946171,8.48590947584841,8.49877411895171,8.51178636672388,8.52493052989027,8.5381907573194,8.5515510549129,8.56499530470095,8.57850728411912,8.59207068544195,8.60566913534834,8.61928621459323,8.63290547775983,8.64651047306657,8.66008476220252,8.67361194016517,8.6870756550743,8.70045962793576,8.71374767232916,8.72692371399351,8.73997181028525,8.75287616948338,8.76562116991664,8.77819137888831,8.79057157137463,8.80274674847308,8.81470215557788,8.82642330026,8.83789596983017,8.84910624856372,8.86004053456668,8.87068555626372,8.88102838848848,8.89105646815842,8.90075760951611,8.91012001892041,8.91913230917113,8.92778351335167,8.93606309817486,8.9439609768178,8.95146752123203,8.95857357391633,8.96527045913975,8.97154999360294,8.97740449652706,8.98282679915917,8.98781025368431,8.99234874153448,8.99643668108549,9.00006903473297,9.00324131533928,9.00594959204357,9.00819049542771,9.00996122203092,9.01125953820698,9.01208378331753,9.0124328722561,9.01230629729757,9.01170412926833,9.01062701803291,9.00907619229324,9.00705345869747,9.0045612002555,9.00160237405928,8.99818050830642,8.99429969862625,8.98996460370832,8.98518044023407,8.97995297711299,8.97428852902587,8.96819394927798,8.96167662196662,8.95474445346797,8.94740586324953,8.93966977401503,8.93154560119043,8.92304324176016,8.91417306246415,8.90494588736756,8.89537298481584,8.88546605378953,8.87523720967391,8.86469896946021,8.85386423639615,8.84274628410473,8.83135874019157,8.81971556936198,8.80783105607045,8.795719786726,8.78339663147796,8.77087672560801,8.75817545055484,8.74530841459892,8.73229143323572,8.71914050926619,8.70587181263411,8.69250166004077,8.67904649436712,8.66552286393492,8.65194740163786,8.63833680397434,8.62470781001343,8.61107718032565,8.59746167591004,8.58387803714889,8.57034296282112,8.55687308920495,8.54348496930007,8.53019505219902,8.51701966263664,8.50397498074607,8.49107702204875,8.4783416177052,8.46578439505233,8.45342075845227,8.44126587047653,8.4293346334485,8.41764167136593,8.40620131222451,8.39502757076176,8.38413413164032,8.37353433308779,8.36324115100968,8.35326718359081,8.34362463639942,8.3343253080072,8.32538057613761,8.31680138435363,8.30859822929528,8.30078114847662,8.29335970865047,8.28634299474894,8.27973959940678,8.2735576130739,8.26780461472292,8.26248766315672,8.25761328892084,8.25318748682478,8.24921570907591,8.2457028590294,8.2426532855571,8.24007077803818,8.23795856197381,8.23631929522841,8.23515506489913,8.23446738481576,8.23425719367258
15,7.98687851402424,7.98716521537324,7.98798693827349,7.98934281319146,7.99123132772368,7.99365032796779,7.99659702058615,8.00006797556329,8.00405912965947,8.00856579056167,8.01358264173376,8.01910374796711,8.02512256163287,8.03163192963656,8.03862410107547,8.04609073559866,8.05402291246886,8.06241114032493,8.07124536764267,8.08051499389097,8.09020888137936,8.10031536779204,8.11082227940203,8.12171694495842,8.13298621023779,8.14461645325005,8.15659360008715,8.16890314140187,8.18153014950217,8.19445929604521,8.20767487031341,8.22116079805335,8.23490066085678,8.24887771606112,8.26307491714575,8.27747493459817,8.29206017722314,8.30681281386621,8.32171479552167,8.33674787779355,8.35189364367726,8.3671335266283,8.38244883388313,8.39782076999691,8.41323046056154,8.42865897606723,8.44408735586985,8.45949663222638,8.47486785436023,8.49018211251838,8.505420561982,8.52056444699293,8.53559512455806,8.55049408809494,8.56524299088181,8.57982366927649,8.59421816566915,8.60840875113518,8.62237794775517,8.63610855057038,8.64958364914331,8.66278664869412,8.67570129078521,8.68831167352752,8.70060227128368,8.71255795384445,8.72416400505655,8.73540614088123,8.7462705268645,8.75674379500139,8.76681305997788,8.77646593477562,8.78569054562558,8.79447554629854,8.80281013172069,8.81068405090451,8.81808761918551,8.82501172975668,8.83144786449312,8.83738810406035,8.84282513730014,8.84775226988867,8.85216343226203,8.85605318680483,8.85941673429772,8.86224991962041,8.86454923670658,8.8663118327476,8.86753551164216,8.8682187366889,8.86836063251936,8.86796098626889,8.86702024798297,8.86553953025669,8.86352060710548,8.86096591206503,8.85787853551886,8.85426222125216,8.85012136223089,8.84546099560561,8.84028679693969,8.83460507366271,8.82842275774971,8.82174739762835,8.8145871493166,8.80695076679418,8.79884759161259,8.79028754174906,8.78128109971135,8.77183929990109,8.76197371524534,8.75169644310684,8.74102009048511,8.72995775852229,8.71852302632882,8.70672993414589,8.69459296586318,8.68212703091213,8.66934744555652,8.65626991360378,8.64291050656242,8.62928564327202,8.61541206903442,8.60130683427553,8.58698727276953,8.57247097945758,8.55777578789535,8.54291974736418,8.52792109968222,8.51279825575237,8.49756977188528,8.48225432593561,8.46687069329093,8.45143772275281,8.43597431234966,8.42049938512138,8.40503186491575,8.38959065223593,8.37419460017862,8.35886249050163,8.34361300985909,8.32846472624158,8.31343606565794,8.29854528909417,8.2838104697839,8.26924947082345,8.25487992316355,8.24071920400798,8.22678441564826,8.21309236476163,8.19965954219822,8.18650210328171,8.17363584864577,8.16107620562739,8.14883821023599,8.13693648971611,8.12538524571927,8.11419823809931,8.10338876934389,8.09296966965315,8.08295328267514,8.07335145190623,8.06417550776338,8.05543625533362,8.04714396280542,8.03930835058485,8.03193858109911,8.02504324928845,8.01863037378714,8.01270738879317,8.00728113662569,8.00235786096885,7.99794320079998,7.99404218499971,7.99065922764157,7.98779812395798,7.98546204697961,7.98365354484506,7.98237453877742,7.98162632172469,7.98140955766077,7.98172428154387,7.98256989992943,7.98394519223453,7.98584831265098,7.98827679270457,7.99122754445767,7.99469686435282,7.99868043769494,8.00317334376962,8.00817006159511,8.01366447630565,8.01964988616346,8.02611901019669,8.03306399646028,8.04047643091663,8.04834734693227,8.05666723538662,8.06542605538813,8.07461324559277,8.08421773611908,8.09422796105311,8.10463187153615,8.11541694942702,8.1265702215298,8.13807827437704,8.14992726955739,8.16210295957551,8.17459070423108,8.1873754875025,8.20044193491992,8.21377433141077,8.22735663960007,8.24117251854655,8.25520534289427,8.26943822241862,8.28385402194422,8.29843538161127,8.3131647374659,8.32802434234901,8.34299628705742,8.35806252174986,8.37320487757023,8.3884050884592,8.4036448131251,8.41890565714444,8.43416919516178,8.44941699315869,8.46463063076104,8.47979172355399,8.49488194537366,8.50988305054512,8.5247768960358,8.53954546349431,8.55417088114457,8.56863544550585,8.58292164290965,8.59701217078506,8.61088995868476,8.62453818902471,8.63794031751107,8.651080093229,8.66394157836856,8.67650916756398,8.68876760682338,8.70070201202706,8.71229788697301,8.72354114094993,8.73441810581805,8.74491555257991,8.75502070742315,8.7647212672192,8.77400541446181,8.78286183163064,8.79127971496566,8.79924878763897,8.80675931231132,8.81380210306121,8.82036853667504,8.82645056328757,8.83204071636213,8.83713212200093,8.84171850757581,8.84579420967078,8.84935418132737,8.85239399858501,8.85490986630837,8.85689862329429,8.85835774665098,8.85928535544302,8.85968021359541,8.85954173205073,8.85886997017362,8.85766563639726,8.85593008810704,8.85366533075683,8.85087401621401,8.84755944032985,8.8437255397325,8.83937688784028,8.83451869009417,8.82915677840854,8.82329760484054,8.81694823447923,8.81011633755648,8.80281018078283,8.79503861791265,8.78681107954389,8.77813756215922,8.76902861641636,8.75949533469725,8.74954933792637,8.73920276167073,8.72846824153496,8.71735889786673,8.70588831978925,8.69407054857893,8.68192006040804,8.66945174847377,8.65668090453625,8.64362319989014,8.63029466579538,8.61671167339427,8.60289091314357,8.58884937379125,8.57460432092905,8.56017327515301,8.5455739898651,8.53082442875019,8.51594274296327,8.50094724806267,8.48585640072549,8.47068877528217,8.45546304010725,8.44019793390361,8.42491224191792,8.40962477212437,8.39435433141437,8.37911970182881,8.3639396168699,8.34883273792819,8.33381763086062,8.31891274275394,8.30413637890751,8.28950668006816,8.27504159994915,8.26075888306353,8.24667604290185,8.23281034048206,8.21917876329864,8.20579800469662,8.19268444369445,8.17985412527864,8.16732274119139,8.1551056112312,8.14321766508481,8.13167342470771,8.12048698726875,8.10967200867327,8.09924168767786,8.08920875060833,8.07958543669175,8.07038348401169,8.06161411609534,8.05328802913961,8.04541537988287,8.03800577412774,8.0310682559199,8.02461129738695,8.01864278924091,8.01317003194728,8.00819972756334,8.00373797224765,7.9997902494429,7.99636142373339,7.9934557353789,7.99107679552617,7.98922758209921,7.98791043636981,7.98712706020951,7.98687851402424
16,7.73106800857018,7.73137228102022,7.73226949636092,7.73375871046335,7.73583827016422,7.73850581466125,7.74175827764455,7.74559189016701,7.75000218425744,7.75498399728,7.76053147704363,7.76663808766543,7.77329661619173,7.78049917998016,7.78823723484632,7.79650158397765,7.80528238761698,7.81456917351726,7.82435084816848,7.83461570879664,7.84535145613356,7.85654520795543,7.86818351338604,7.88025236796011,7.89273722943957,7.9056230343748,7.9188942154005,7.93253471925434,7.94652802550442,7.96085716596966,7.97550474481511,7.99045295930216,8.00568362117147,8.02117817863434,8.03691773894615,8.0528830915335,8.06905473164449,8.0854128844899,8.10193752984092,8.11860842704739,8.13540514043905,8.15230706507043,8.16929345276895,8.18634343844444,8.20343606661716,8.22055031812079,8.23766513693585,8.25475945710865,8.27181222971066,8.28880244979287,8.30570918328993,8.32251159382905,8.3391889693992,8.35572074883667,8.37208654808398,8.38826618618011,8.40423971094105,8.41998742429119,8.43548990720726,8.45072804423829,8.46568304756652,8.48033648057609,8.49467028089806,8.50866678290225,8.52230873960806,8.53557934398878,8.54846224964533,8.56094159082765,8.57300200178358,8.58462863541712,8.59580718123951,8.60652388259838,8.61676555317187,8.626519592716,8.63577400205512,8.64451739730641,8.65273902333077,8.66042876640331,8.66757716609771,8.6741754263795,8.68021542590397,8.68568972751497,8.69059158694147,8.69491496068884,8.69865451312229,8.70180562273993,8.7043643876331,8.70632763013135,8.7076929006299,8.70845848059668,8.70862338475655,8.70818736244965,8.70715089816106,8.7055152112185,8.70328225465505,8.70045471323347,8.69703600062904,8.69303025576754,8.68844233831549,8.68327782331983,8.6775429949946,8.67124483965265,8.66439103778101,8.65698995525933,8.64905063372141,8.64058278006106,8.63159675508462,8.62210356131341,8.61211482994128,8.60164280695324,8.59070033841352,8.57930085493249,8.56745835532404,8.55518738946688,8.54250304038512,8.52942090556574,8.51595707753232,8.50212812369708,8.48795106551477,8.4734433569648,8.45862286238956,8.44350783371938,8.42811688711647,8.41246897907218,8.39658338199382,8.38047965931924,8.36417764019866,8.34769739378538,8.33105920317781,8.31428353905684,8.29739103306372,8.2804024509641,8.26333866564523,8.24622062999308,8.22906934969724,8.21190585603096,8.19475117865391,8.17762631848503,8.16055222069203,8.14354974784392,8.1266396532716,8.10984255468081,8.09317890806057,8.07666898192857,8.06033283195386,8.04419027599521,8.02826086959191,8.01256388194196,7.99711827240039,7.98194266752875,7.96705533872438,7.95247418045617,7.9382166891312,7.92429994261453,7.91074058042227,7.8975547846058,7.88475826134295,7.87236622324985,7.86039337242529,7.84885388423715,7.83776139185907,7.82712897156337,7.81696912877476,7.80729378488794,7.79811426485058,7.78944128551191,7.78128494473622,7.77365471127909,7.76655941542385,7.7600072403744,7.75400571440034,7.7485617037296,7.74368140618351,7.73937034554881,7.73563336668113,7.73247463133435,7.7298976147101,7.72790510272216,7.72649918997039,7.72568127841927,7.72545207677623,7.72581160056582,7.72675917289542,7.72829342590934,7.73041230292802,7.73311306126998,7.73639227575386,7.74024584287921,7.74466898568406,7.74965625927837,7.75520155705215,7.76129811755749,7.76793853206369,7.77511475278487,7.78281810177887,7.7910392805168,7.79976838012148,7.80899489227336,7.81870772078134,7.82889519381596,7.83954507680097,7.85064458595931,7.86218040250766,7.87413868749365,7.88650509726788,7.89926479958229,7.91240249030473,7.92590241073855,7.9397483655344,7.95392374117995,7.96841152505202,7.98319432501377,7.99825438953812,8.0135736283373,8.02913363347644,8.04491570094802,8.06090085268226,8.07706985896726,8.09340326125112,8.10988139529735,8.12648441466322,8.14319231446983,8.15998495543175,8.17684208811283,8.19374337737435,8.21066842698071,8.22759680432757,8.24450806525658,8.26138177892108,8.27819755266635,8.29493505688854,8.31157404983622,8.32809440231863,8.3444761222855,8.36069937924334,8.37674452847376,8.39259213502047,8.40822299741187,8.42361817108732,8.4387589914961,8.45362709683912,8.46820445042424,8.48247336260779,8.49641651229534,8.51001696797643,8.52325820826916,8.5361241419513,8.54859912745653,8.56066799181476,8.57231604901743,8.58352911778921,8.59429353874886,8.60459619094325,8.61442450773901,8.62376649205772,8.6326107309411,8.64094640943364,8.64876332377061,8.65605189386044,8.66280317505063,8.66900886916721,8.67466133481807,8.67975359695101,8.68427935565761,8.68823299421446,8.69160958635346,8.69440490275316,8.69661541674348,8.69823830921612,8.69927147273318,8.69971351482704,8.69956376048417,8.69882225380636,8.69748975884263,8.69556775958559,8.69305845912652,8.68996477796313,8.68629035145562,8.6820395264257,8.67721735689519,8.67182959896055,8.66588270480101,8.65938381581845,8.65234075490854,8.64476201786341,8.63665676390721,8.62803480536767,8.61890659648745,8.60928322138112,8.59917638114457,8.58859838012595,8.57756211136818,8.56608104123544,8.55416919323757,8.54184113106814,8.52911194087414,8.51599721277674,8.50251302166507,8.48867590728621,8.47450285365731,8.4600112678269,8.44521895801496,8.43014411116264,8.41480526992447,8.39922130913776,8.38341141180491,8.36739504462639,8.35119193312309,8.33482203638826,8.31830552150984,8.3016627377056,8.28491419021366,8.26808051398179,8.25118244719956,8.23424080471721,8.21727645139567,8.20031027543176,8.18336316170261,8.16645596517271,8.14960948440662,8.13284443522957,8.11618142457721,8.09964092457493,8.08324324688589,8.06700851736558,8.05095665105949,8.03510732757887,8.0194799668878,8.00409370553367,7.98896737335059,7.97411947066438,7.95956814602522,7.9453311744927,7.93142593649592,7.91786939728937,7.90467808702383,7.89186808144937,7.87945498326585,7.8674539041349,7.8558794473653,7.84474569128237,7.83406617329048,7.82385387463638,7.81412120587961,7.80487999307544,7.79614146467414,7.7879162391401,7.78021431329284,7.7730450513716,7.76641717482455,7.76033875282281,7.75481719349978,7.74985923591507,7.74547094274304,7.74165769368525,7.73842417960648,7.73577439739381,7.73371164553873,7.73223852044219,7.73135691344302,7.73106800857018
17,7.46819959415066,7.468519844827,7.46949096662043,7.47111194526685,7.47338099259304,7.47629554789663,7.47985228009358,7.48404709063834,7.4888751172225,7.49433073825808,7.50040757815222,7.5070985133803,7.51439567936483,7.52229047816722,7.53077358699977,7.53983496756488,7.54946387622777,7.55964887502875,7.57037784354022,7.58163799157226,7.59341587272994,7.60569739882386,7.61846785513402,7.63171191652521,7.64541366441052,7.65955660455722,7.67412368572737,7.68909731914285,7.70445939876243,7.72019132235572,7.73627401335618,7.75268794347297,7.76941315603844,7.7864292900654,7.80371560498562,7.8212510060383,7.83901407027466,7.85698307314208,7.87513601560901,7.8934506517893,7.91190451702257,7.93047495636523,7.94913915344471,7.9678741596282,7.98665692345546,8.00546432028425,8.02427318209597,8.04306032740839,8.06180259124192,8.08047685508581,8.09906007681055,8.11752932047341,8.13586178596418,8.15403483843975,8.17202603749642,8.18981316603077,8.20737425874136,8.22468763022472,8.24173190262188,8.25848603277287,8.27492933883932,8.29104152635747,8.30680271368613,8.32219345681691,8.33719477351594,8.35178816676958,8.36595564750845,8.37967975658678,8.39294358599686,8.40573079929993,8.41802565125794,8.42981300665217,8.44107835827683,8.45180784409792,8.4619882635689,8.47160709309653,8.48065250065161,8.48911335952056,8.4969792611946,8.50424052739442,8.51088822122872,8.51691415748559,8.52231091205592,8.5270718304883,8.53119103567482,8.53466343466732,8.53748472462284,8.5396513978775,8.5411607461469,8.54201086385116,8.54220065056191,8.54172981256817,8.54059886355743,8.53880912440785,8.53636272208668,8.5332625876501,8.52951245333891,8.52511684876427,8.52008109617796,8.51441130482114,8.508114364346,8.50119793730496,8.49367045070255,8.4855410866058,8.47681977180964,8.4675171665551,8.45764465229907,8.44721431853609,8.43623894867384,8.42473200496627,8.41270761250968,8.40018054230989,8.38716619343015,8.37368057423249,8.35974028272727,8.34536248604856,8.3305648990756,8.31536576222327,8.29978381842753,8.28383828935413,8.26754885086229,8.25093560775713,8.23401906786794,8.21682011549143,8.19935998424208,8.18166022935359,8.16374269947804,8.14562950803114,8.12734300413401,8.10890574320317,8.09034045724235,8.07167002489052,8.0529174412815,8.03410578777141,8.01525820159028,7.99639784547463,7.97754787733747,7.95873142003175,7.93997153126298,7.92129117370532,7.90271318537483,7.88426025031172,7.8659548696222,7.84781933292848,7.82987569027357,7.81214572452545,7.79465092432254,7.77741245760039,7.76045114573648,7.74378743834776,7.72744138877245,7.71143263026516,7.69578035293145,7.68050328142501,7.6656196534281,7.65114719893297,7.63710312033927,7.62350407338006,7.61036614888608,7.59770485539603,7.58553510261798,7.57387118574493,7.56272677062573,7.55211487979041,7.54204787932769,7.53253746661052,7.52359465886464,7.51522978257352,7.50745246371259,7.50027161880449,7.49369544678668,7.48773142168238,7.48238628606538,7.47766604530926,7.47357596261179,7.4701205547851,7.46730358880296,7.46512807909666,7.46359628559173,7.4627097124782,7.46246910770796,7.46287446321353,7.46392501584328,7.46561924900899,7.46795489504272,7.47092893826026,7.47453761872993,7.47877643674563,7.48364015800422,7.48912281948766,7.49521773605103,7.50191750771797,7.5092140276855,7.51709849104018,7.52556140418796,7.53459259499988,7.54418122367556,7.55431579432612,7.56498416727777,7.57617357209655,7.58787062133391,7.60006132499209,7.61273110570672,7.62586481464341,7.63944674810321,7.65346066483065,7.66788980401637,7.68271690398455,7.69792422155374,7.71349355205755,7.72940625001011,7.74564325039861,7.76218509058405,7.77901193278841,7.79610358714518,7.8134395352877,7.83099895444805,7.84876074203725,7.86670354067583,7.88480576364169,7.90304562070133,7.9214011442881,7.93985021599045,7.95837059331165,7.97693993666141,7.99553583653884,8.01413584086571,8.03271748242814,8.05125830638456,8.0697358977977,8.08812790914805,8.10641208778678,8.1245663032861,8.14256857464558,8.1603970973139,8.17803026998588,8.19544672113581,8.21262533524923,8.22954527871624,8.24618602535111,8.26252738150379,8.2785495107309,8.29423295799495,8.30955867336232,8.32450803517171,8.33906287264698,8.35320548792927,8.36691867750519,8.38018575300947,8.39299056138156,8.40531750435767,8.41715155728054,8.428478287211,8.43928387032628,8.44955510859132,8.45927944569028,8.46844498220639,8.47704049003917,8.48505542604865,8.492479944917,8.49930491121836,8.50552191068816,8.51112326068363,8.51610201982718,8.52045199682501,8.52416775845283,8.52724463670111,8.52967873507196,8.53146693402014,8.53260689552993,8.53309706682048,8.53293668317143,8.53212576986099,8.53066514320848,8.52855641071362,8.52580197028475,8.5224050085483,8.51836949823255,8.51370019461847,8.50840263105138,8.5024831135076,8.49594871421095,8.48880726429475,8.48106734550625,8.47273828095106,8.46383012487694,8.45435365149718,8.44432034285589,8.43374237573857,8.42263260763372,8.41100456175288,8.3988724111184,8.3862509617306,8.37315563482833,8.35960244825869,8.34560799697473,8.33118943268177,8.31636444265586,8.30115122776003,8.28556847968662,8.26963535745631,8.2533714632068,8.23679681730662,8.21993183283134,8.20279728944207,8.18541430670782,8.16780431691514,8.14998903741045,8.13199044252167,8.11383073510743,8.09553231778302,8.07711776387348,8.05860978814489,8.04003121736535,8.02140496074764,8.0027539803256,7.9841012613161,7.96546978251812,7.94688248680008,7.92836225172548,7.90993186036618,7.89161397235149,7.87343109519955,7.85540555597641,7.83755947332616,7.81991472991382,7.80249294532065,7.78531544942935,7.7684032563349,7.75177703881374,7.73545710338253,7.71946336597478,7.70381532826148,7.68853205463956,7.67363214990944,7.65913373766077,7.64505443938314,7.63141135431618,7.61822104005162,7.60549949389751,7.59326213501309,7.58152378732095,7.57029866320131,7.5596003479718,7.54944178515486,7.53983526253321,7.53079239899323,7.52232413215494,7.51444070678631,7.50715166399945,7.5004658312254,7.49439131296416,7.48893548230627,7.48410497322255,7.4799056736184,7.47634271914948,7.47342048779619,7.47114259519426,7.46951189072017,7.46853045432983,7.46819959415066
18,7.19963830327955,7.19997286088196,7.20101570669288,7.20276576176974,7.2052211105078,7.20837900195959,7.21223585193928,7.21678724591909,7.22202794272643,7.22795187905129,7.23455217477428,7.24182113912654,7.24975027769333,7.25833030027328,7.26755112960589,7.27740191097937,7.28787102273087,7.29894608765066,7.3106139853011,7.32286086525982,7.33567216129603,7.34903260648651,7.36292624927666,7.37733647048983,7.39224600128557,7.40763694206556,7.42349078232272,7.43978842142648,7.45651019033409,7.47363587421447,7.49114473596814,7.50901554062296,7.52722658058234,7.54575570169872,7.56458033014192,7.58367750002824,7.60302388177292,7.62259581112518,7.64236931884191,7.66232016095295,7.68242384956809,7.70265568417338,7.72299078336158,7.74340411693995,7.7638705383563,7.78436481738271,7.80486167299537,7.8253358063878,7.84576193405413,7.86611482087912,7.88636931317145,7.90650037157745,7.9264831038131,7.94629279715327,7.96590495061871,7.98529530680282,8.00443988328228,8.02331500355808,8.0418973274756,8.06016388107531,8.07809208582845,8.09565978721506,8.11284528260474,8.12962734840374,8.14598526643525,8.16189884952298,8.17734846625125,8.19231506487799,8.20678019638033,8.22072603661512,8.23413540757979,8.24699179776163,8.25927938156588,8.27098303781554,8.28208836731785,8.29258170949407,8.30245015807102,8.31168157583415,8.32026460844292,8.32818869731022,8.33544409154823,8.34202185898337,8.34791389624323,8.35311293791828,8.3576125648009,8.36140721120356,8.36449217135794,8.36686360489538,8.36851854140838,8.36945488409219,8.36967141246392,8.36916778415613,8.36794453578019,8.36600308285412,8.36334571878834,8.35997561292186,8.3558968076007,8.35111421428952,8.34563360870707,8.33946162497554,8.33260574877374,8.32507430948442,8.31687647132586,8.30802222345876,8.2985223690602,8.28838851335744,8.27763305061562,8.26626915007536,8.25431074083758,8.24177249569544,8.22866981391549,8.21501880297273,8.20083625924692,8.18613964769092,8.17094708048437,8.15527729468992,8.13914962893229,8.12258399912406,8.10560087326561,8.08822124535031,8.07046660840954,8.05235892673573,8.033920607325,8.01517447058445,7.99614372035223,7.97685191328174,7.95732292764391,7.9375809316045,7.91765035103535,7.89755583692087,7.87732223242281,7.85697453966776,7.83653788632323,7.81603749202861,7.79549863474834,7.77494661711429,7.75440673282436,7.73390423316395,7.71346429371564,7.69311198132173,7.67287222136224,7.6527697654097,7.6328291593194,7.61307471181188,7.59353046360146,7.57422015712198,7.5551672068979,7.5363946706055,7.51792522086595,7.49978111780816,7.48198418243623,7.46455577083243,7.44751674922319,7.43088746993199,7.41468774823952,7.39893684016792,7.38365342120269,7.36885556596226,7.35456072882256,7.34078572550044,7.32754671559736,7.31485918610193,7.30273793584764,7.29119706091982,7.28024994100395,7.26990922666575,7.260186827552,7.25109390149978,7.24264084454084,7.23483728178712,7.22769205918295,7.22121323610903,7.21540807882344,7.2102830547251,7.20584382742526,7.20209525261336,7.19904137470428,7.19668542425487,7.19502981613857,7.19407614846834,7.19382520225888,7.19427694182104,7.19543051588203,7.19728425942689,7.19983569625792,7.20308154226996,7.20701770944121,7.21163931053991,7.21694066454916,7.22291530281247,7.2295559759044,7.23685466123087,7.24480257136471,7.2533901631227,7.26260714739031,7.27244249970097,7.28288447157623,7.29392060263341,7.3055377334665,7.31772201930563,7.33045894445953,7.3437333375443,7.35752938750058,7.37183066039973,7.38662011703779,7.40188013131459,7.41759250939282,7.43373850963017,7.45029886327501,7.46725379591411,7.48458304965788,7.50226590604651,7.52028120965756,7.53860739239285,7.55722249842018,7.57610420974236,7.59522987236385,7.61457652302255,7.63412091645212,7.65383955313767,7.67370870752572,7.69370445664716,7.7138027091104,7.73397923441988,7.75420969257407,7.77446966389556,7.79473467904534,7.81498024917177,7.83518189614538,7.85531518282924,7.87535574333548,7.8952793132182,7.91506175955378,7.93467911085992,7.95410758680615,7.9733236276689,7.99230392348614,8.01102544286763,8.02946546141866,8.04760158973642,8.06541180094074,8.08287445770191,8.09996833873129,8.11667266470142,8.13296712356547,8.14883189524692,8.16424767567343,8.17919570012999,8.19365776590913,8.20761625423751,8.22105415146014,8.2339550694652,8.24630326533421,8.25808366020355,8.26928185732486,8.27988415931308,8.28987758457195,8.29924988288763,8.30798955018215,8.31608584241862,8.32352878865119,8.33030920321243,8.33641869703174,8.34184968807782,8.34659541091871,8.35064992539261,8.35400812438241,8.35666574068671,8.35861935297977,8.35986639085239,8.36040513892541,8.36023474002711,8.3593551974254,8.35776737610538,8.35547300308262,8.35247466674231,8.34877581519413,8.34438075363309,8.33929464069638,8.33352348380666,8.32707413349269,8.31995427667889,8.31217242893585,8.3037379256852,8.29466091235319,8.28495233346853,8.27462392070194,8.2636881798463,8.2521583767382,8.24004852212408,8.22737335547612,8.21414832776545,8.20038958320327,8.18611393996258,8.17133886989646,8.15608247727164,8.14036347653911,8.12420116916639,8.1076154195595,8.09062663010545,8.07325571536908,8.05552407548144,8.03745356875934,8.01906648359894,8.00038550968856,7.98143370858879,7.96223448373021,7.94281154988093,7.92318890213867,7.90339078450343,7.88344165808833,7.86336616902754,7.84318911614113,7.82293541841742,7.80263008237348,7.782298169355,7.76196476283623,7.74165493578032,7.72139371811966,7.70120606441465,7.68111682174837,7.66115069791259,7.64133222993918,7.62168575302893,7.60223536992721,7.5830049207941,7.56401795361355,7.54529769518378,7.52686702272813,7.50874843616277,7.49096403105472,7.47353547230053,7.45648396855309,7.43983024742087,7.42359453146096,7.40779651498442,7.39245534168948,7.37758958313525,7.36321721806634,7.34935561259572,7.33602150125129,7.32323096888896,7.31099943347344,7.29934162972565,7.2882715936345,7.2778026478288,7.26794738780436,7.2587176689999,7.25012459471488,7.24217850486165,7.23488896554388,7.2282647594533,7.22231387707654,7.21704350870438,7.21246003723584,7.20856903177043,7.20537524198238,7.20288259327179,7.20109418268844,7.20001227562523,7.19963830327955
19,6.92672855909716,6.92707571734832,6.92818756923853,6.93006297747233,6.93269990826942,6.93609543257452,6.94024572805243,6.94514608187785,6.95079089433225,6.95717368322119,6.96428708912707,6.97212288151379,6.98067196570066,6.98992439072365,6.999869358103,7.01049523153606,7.02178954753451,7.03373902702459,7.04632958792842,7.05954635874336,7.07337369313524,7.08779518555927,7.10279368792075,7.11835132728521,7.13444952464488,7.15106901474552,7.1681898669744,7.18579150730664,7.20385274130326,7.22235177815068,7.24126625572687,7.26057326667525,7.2802493854632,7.3002706963973,7.32061282256313,7.34125095565318,7.36215988664153,7.38331403726041,7.40468749222878,7.42625403218009,7.44798716723166,7.46986017113559,7.49184611594734,7.5139179071457,7.53604831913511,7.55821003105967,7.58037566285606,7.60251781147177,7.62460908717404,7.64662214987474,7.66852974539628,7.6903047416046,7.71192016433585,7.73334923304524,7.7545653961078,7.77554236570368,7.79625415222258,7.81667509812509,7.83677991120198,7.8565436971756,7.87594199159162,7.89495079095284,7.91354658305098,7.93170637645635,7.9494077291296,7.96662877612349,7.98334825634725,7.99954553836967,8.01520064524132,8.03029427831973,8.04480784008528,8.05872345593864,8.07202399497379,8.08469308972353,8.09671515487683,8.10807540496966,8.11875987105283,8.12875541634181,8.13804975085495,8.14663144504708,8.15448994244636,8.16161557130207,8.16799955525135,8.17363402301203,8.17851201710854,8.18262750163629,8.18597536906954,8.18855144611559,8.19035249861736,8.19137623550416,8.19162131178911,8.19108733060979,8.18977484430668,8.18768535453254,8.18482131138381,8.18118611154376,8.17678409542551,8.17162054330179,8.16570167040721,8.15903462099804,8.15162746135387,8.14348917170517,8.13462963707109,8.12505963699181,8.11479083414093,8.10383576180412,8.09220781021178,8.0799212117155,8.06699102479995,8.05343311692447,8.03926414619157,8.02450154184265,8.0091634835845,7.99326887975421,7.97683734433389,7.9598891728305,7.94244531704113,7.92452735872742,7.90615748222857,7.88735844604586,7.86815355343686,7.84856662206186,7.82862195272924,7.80834429729114,7.78775882574473,7.76689109259819,7.74576700256454,7.72441277564929,7.70285491170134,7.68112015449913,7.65923545544616,7.63722793695228,7.61512485557817,7.5929535650219,7.57074147902683,7.54851603429029,7.52630465345235,7.50413470824301,7.48203348286522,7.46002813768935,7.43814567333292,7.4164128951969,7.39485637852713,7.3735024340665,7.3523770743599,7.33150598077065,7.31091447126273,7.29062746899972,7.27066947180632,7.25106452253469,7.23183618037284,7.21300749312801,7.19460097051352,7.17663855846286,7.15914161449049,7.14213088411454,7.12562647835214,7.10964785229434,7.09421378476355,7.07934235905278,7.06505094474271,7.0513561805892,7.03827395847139,7.02581940838739,7.014006884483,7.00284995209626,6.99236137579952,6.98255310841911,6.97343628101185,6.96502119377681,6.9573173078806,6.95033323817428,6.94407674678013,6.93855473752728,6.93377325121563,6.929737461689,6.92645167269902,6.92391931554346,6.92214294746353,6.92112425078716,6.9208640328066,6.92136222638093,6.92261789125598,6.92462921609643,6.9273935212266,6.93090726207879,6.93516603335001,6.94016457386971,6.94589677218303,6.95235567285594,6.9595334835099,6.96742158259534,6.97601052791409,6.98529006590221,6.99524914168512,7.00587590991742,7.01715774642015,7.02908126062793,7.04163230885834,7.05479600841494,7.06855675253477,7.08289822618959,7.09780342274899,7.11325466151146,7.12923360610769,7.14572128377808,7.1626981055238,7.18014388712834,7.19803787104341,7.21635874913002,7.23508468624256,7.2541933446402,7.27366190920692,7.29346711345767,7.31358526630509,7.33399227955776,7.35466369611747,7.37557471884004,7.39670024002077,7.41801487146277,7.4394929750838,7.4611086940142,7.48283598413646,7.50464864601477,7.52652035716095,7.54842470458147,7.57033521754937,7.59222540054335,7.61406876629616,7.63583886889367,7.65750933686616,7.67905390621357,7.70044645330712,7.72166102761034,7.74267188416408,7.76345351578105,7.7839806848975,7.8042284550312,7.82417222179717,7.84378774343487,7.86305117080271,7.88193907679862,7.90042848516782,7.91849689866156,7.9361223265135,7.95328331120291,7.96995895447677,7.98612894260528,8.00177357084799,8.01687376711019,8.03141111477158,8.04536787467131,8.05872700623575,8.07147218773691,8.0835878356716,8.09505912325217,8.10587199800176,8.11601319844743,8.12547026990585,8.13423157935635,8.14228632939736,8.14962457128157,8.15623721702612,8.16211605059318,8.16725373813674,8.17164383731045,8.17528080563097,8.17816000789089,8.18027772261405,8.18163114754569,8.18221840416883,8.18203854123751,8.18109153731655,8.17937830231691,8.17690067801483,8.17366143754236,8.16966428383638,8.16491384703286,8.15941568079285,8.15317625754672,8.14620296264336,8.13850408739139,8.13008882098016,8.12096724126918,8.11115030443567,8.10064983347154,8.08947850552254,8.07764983806438,8.06517817391282,8.05207866506712,8.0383672553888,8.02406066212095,8.00917635625584,7.99373254176242,7.97774813368842,7.96124273515549,7.94423661326944,7.92675067397145,7.90880643585993,7.89042600301666,7.87163203687429,7.85244772716657,7.8328967620059,7.81300329713654,7.79279192441528,7.77228763957432,7.75151580932441,7.73050213785882,7.70927263282132,7.68785357080338,7.66627146243791,7.64455301715809,7.62272510769126,7.60081473435854,7.57884898925144,7.55685502035667,7.53485999570002,7.51289106758003,7.49097533696032,7.46913981808904,7.44741140341143,7.42581682884006,7.40438263944462,7.38313515562074,7.36210043979457,7.34130426371653,7.32077207639469,7.30052897271454,7.28059966278862,7.2610084420755,7.24177916230419,7.22293520323596,7.20449944529196,7.18649424307114,7.16894139977926,7.15186214258601,7.13527709892397,7.11920627373942,7.10366902770177,7.08868405637555,7.0742693703557,7.06044227636438,7.0472193593049,7.03461646526662,7.0226486854721,7.01133034115668,7.00067496936891,6.99069530967946,6.98140329178493,6.97281002399299,6.96492578257434,6.9577600019677,6.95132126582375,6.94561729887485,6.940654959618,6.93644023379939,6.93297822869044,6.93027316814625,6.92832838843922,6.92714633486215,6.92672855909716
20,6.65078326736069,6.65114132645839,6.65231899550995,6.65431508591378,6.65712745646439,6.66075301440088,6.66518771722071,6.67042657527234,6.67646365514238,6.68329208385579,6.69090405390954,6.69929082916233,6.70844275160459,6.71834924903432,6.72899884366561,6.74037916169708,6.75247694386803,6.76527805702992,6.77876750676023,6.79292945104498,6.8077472150546,6.82320330703606,6.83927943534212,6.85595652661548,6.8732147451429,6.89103351339033,6.90939153372686,6.92826681134022,6.94763667834273,6.96747781906123,6.98776629649954,7.00847757995683,7.02958657377958,7.05106764721935,7.07289466536301,7.09504102109635,7.11747966805658,7.14018315452366,7.16312365819521,7.18627302178478,7.20960278937842,7.23308424348018,7.25668844267302,7.28038625981807,7.30414842071211,7.32794554312031,7.35174817609929,7.37552683952391,7.39925206373012,7.42289442918596,7.44642460610249,7.46981339389774,7.49303176042731,7.51605088089758,7.53884217637962,7.56137735184453,7.58362843364449,7.60556780636718,7.62716824899562,7.64840297030945,7.66924564346873,7.68967043972598,7.70965206121735,7.72916577278889,7.74818743281923,7.76669352300525,7.78466117708227,7.8020682084557,7.81889313672574,7.83511521309162,7.85071444462615,7.86567161741585,7.8799683185652,7.89358695706774,7.90651078354917,7.91872390889061,7.93021132174248,7.94095890494081,7.95095345083962,7.96018267557363,7.9686352322658,7.97630072319472,7.98316971093579,7.98923372848987,7.99448528841147,7.99891789094724,8.00252603119362,8.00530520528024,8.00725191558374,8.00836367497361,8.0086390100896,8.00807746364707,8.00667959576425,8.00444698430248,8.00138222420813,7.99748892584193,7.9927717122799,7.98723621556723,7.98088907190503,7.97373791574863,7.96579137279435,7.95705905183161,7.9475515354364,7.93728036948264,7.92625805144832,7.91449801749445,7.90201462829639,7.88882315360928,7.87493975555141,7.86038147059294,7.8451661902401,7.82931264040948,7.81284035949077,7.79576967510101,7.77812167953867,7.75991820395031,7.74118179122882,7.72193566766704,7.70220371339697,7.68201043164978,7.66138091687838,7.64034082178933,7.61891632333701,7.59713408773796,7.575021234569,7.55260530001722,7.52991419935487,7.5069761887163,7.48381982625798,7.460473932786,7.43696755193831,7.41332991001148,7.38959037552337,7.36577841860477,7.34192357031322,7.31805538196311,7.29420338456503,7.27039704846686,7.24666574328734,7.22303869823089,7.19954496286959,7.17621336847582,7.15307248998461,7.1301506086618,7.107475675549,7.08507527575217,7.0629765936356,7.04120637897774,7.0197909141402,6.99875598229557,6.97812683675414,6.95792817142393,6.93818409243291,6.91891809093643,6.9001530171277,6.88191105546353,6.86421370111246,6.84708173762756,6.83053521584119,6.81459343397493,6.79927491895359,6.78459740890839,6.7705778368513,6.75723231549924,6.74457612322428,6.73262369110407,6.72138859104436,6.71088352494478,6.70112031487752,6.69210989424837,6.68386229990912,6.67638666519095,6.6696912138285,6.6637832547459,6.65866917767665,6.65435444959143,6.65084361190937,6.64814027847063,6.64624713425037,6.64516593479685,6.64489750637887,6.64544174683078,6.6467976270859,6.64896319339246,6.65193557020869,6.65571096377689,6.66028466637913,6.66565106127965,6.67180362836219,6.67873495047232,6.68643672047746,6.69489974905924,6.70411397325444,6.7140684657624,6.72475144503778,6.73615028618865,6.7482515327,6.76104090900331,6.77450333391237,6.78862293494488,6.80338306354868,6.81876631124977,6.83475452673788,6.85132883390313,6.86846965083482,6.88615670979098,6.90436907814394,6.923085180304,6.94228282061978,6.96193920724986,6.98203097699662,7.00253422108865,7.02342451189431,7.04467693054447,7.06626609543798,7.08816619159951,7.11035100085467,7.13279393278346,7.15546805640894,7.17834613257413,7.20140064695651,7.22460384366627,7.24792775937096,7.27134425788701,7.29482506517538,7.31834180467732,7.34186603292388,7.36536927535181,7.38882306225774,7.41219896482158,7.43546863113058,7.45860382213534,7.48157644747023,7.50435860107126,7.52692259652677,7.54924100209699,7.57128667534194,7.59303279729854,7.6144529061511,7.63552093034212,7.65621122107342,7.67649858415096,7.69635831113,7.71576620972098,7.73469863341951,7.75313251032803,7.77104537113943,7.78841537625707,7.80522134202829,7.82144276607201,7.83705985168394,7.85205353130559,7.86640548904601,7.88009818224738,7.89311486208765,7.90543959321542,7.91705727241342,7.92795364628851,7.93811532798694,7.94752981293426,7.95618549359955,7.96407167328403,7.97117857893362,7.97749737297486,7.98302016417282,7.98774001750889,7.99165096307526,7.99474800398183,7.99702712326988,7.99848528982549,7.99912046328438,7.99893159791822,7.997918645491,7.99608255707283,7.99342528379705,7.98994977654521,7.98565998454388,7.98056085285567,7.97465831874678,7.96795930691269,7.96047172354333,7.95220444920957,7.94316733055277,7.93337117076037,7.92282771881131,7.91154965747657,7.89955059006195,7.88684502588224,7.87344836445853,7.85937687843323,7.84464769520021,7.82927877725139,7.81328890124444,7.79669763580034,7.77952531804379,7.76179302890386,7.74352256719657,7.72473642251618,7.70545774696626,7.68571032576662,7.66551854677685,7.64490736898197,7.62390228999003,7.60252931259644,7.58081491047333,7.55878599304715,7.5364698696304,7.51389421287798,7.4910870216407,7.46807658329186,7.44489143560498,7.42156032826243,7.39811218407659,7.37457606000578,7.3509811080479,7.32735653609499,7.30373156883113,7.28013540875566,7.25659719741205,7.23314597690141,7.20981065175692,7.1866199512536,7.16360239222422,7.14078624244946,7.1181994846864,7.0958697813959,7.07382444022513,7.05209038029727,7.03069409935589,7.00966164180713,6.98901856769766,6.96878992266229,6.94900020886982,6.92967335699142,6.91083269921085,6.89250094329175,6.87470014771239,6.85745169787443,6.84077628338808,6.82469387643224,6.809223711185,6.79438426431614,6.78019323653104,6.7666675351521,6.75382325772215,6.74167567661208,6.7302392246132,6.71952748149439,6.70955316150219,6.70032810178257,6.69186325170223,6.68416866304797,6.67725348108303,6.67112593644034,6.66579333783366,6.66126206556934,6.65753756584289,6.65462434580698,6.65252596939922,6.65124505392096,6.65078326736069
21,6.37307383780125,6.37344114281122,6.3746810356522,6.37679228402108,6.37977265132223,6.38361889750046,6.388326780598,6.39389105905243,6.40030549475622,6.40756285690157,6.41565492663765,6.42457250257019,6.43430540713549,6.44484249388356,6.45617165570641,6.46827983404893,6.48115302914052,6.49477631128595,6.50913383325353,6.52420884379808,6.53998370235446,6.55643989493588,6.57355805126834,6.59131796318973,6.60969860433824,6.62867815115094,6.64823400518834,6.66834281679586,6.68898051010762,6.7101223093918,6.73174276673086,6.75381579102305,6.77631467828517,6.79921214322943,6.82248035208033,6.8460909565906,6.87001512920796,6.89422359933811,6.91868669064224,6.94337435930154,6.96825623317464,6.99330165176878,7.01847970694013,7.04375928423419,7.06910910477309,7.09449776759329,7.11989379233444,7.145265662178,7.17058186693299,7.19581094616554,7.22092153226897,7.24588239337218,7.27066247598517,7.2952309472834,7.31955723693485,7.34361107837785,7.36736254946113,7.39078211236281,7.41384065270967,7.4365095178237,7.45876055402889,7.4805661429572,7.50189923679901,7.52273339245011,7.54304280451335,7.56280233712025,7.58198755454377,7.60057475058019,7.61854097668415,7.63586406884637,7.65252267320982,7.66849627042443,7.68376519874591,7.69831067588789,7.71211481964077,7.72516066727353,7.73743219373759,7.74891432869363,7.75959297238415,7.76945501037474,7.77848832718811,7.78668181885393,7.79402540439714,7.80051003628593,7.8061277098586,7.81087147174642,7.81473542730682,7.81771474707821,7.81980567226442,7.82100551925317,7.82131268316932,7.8207266404596,7.81924795050199,7.81687825622878,7.81362028374862,7.80947784094954,7.80445581506123,7.79856016915204,7.79179793753335,7.7841772200418,7.77570717516765,7.76639801199683,7.75626098093281,7.74530836316467,7.73355345884777,7.72101057396472,7.70769500583589,7.69362302725074,7.67881186919442,7.66327970214755,7.64704561594081,7.63012959815116,7.6125525110311,7.59433606696837,7.57550280247939,7.55607605074609,7.53607991271259,7.51553922676506,7.49447953702515,7.47292706029472,7.45090865169659,7.42845176906349,7.40558443613409,7.38233520462198,7.35873311523011,7.33480765768909,7.31058872990403,7.28610659629923,7.26139184545559,7.2364753471393,7.21138820882406,7.18616173181229,7.16082736706271,7.13541667083357,7.10996126025125,7.08449276891469,7.05904280264474,7.03364289548704,7.00832446607433,6.98311877445194,6.9580568794667,6.93316959681554,6.90848745784582,6.88404066919423,6.8598590733458,6.83597211018874,6.81240877963449,6.78919760536611,6.76636659977122,6.74394323010912,6.72195438595441,6.70042634795269,6.67938475791699,6.6588545902864,6.63886012496198,6.61942492152814,6.60057179486174,6.58232279212475,6.56469917113108,6.54772138007242,6.53140903858346,6.51578092012225,6.50085493563741,6.48664811849054,6.47317661059929,6.46045564976376,6.44849955813736,6.4373217318016,6.42693463140336,6.41734977381307,6.40857772476192,6.40062809241732,6.39350952185635,6.38722969039894,6.381795303764,6.37721209301433,6.37348481225853,6.37061723708126,6.36861216367617,6.36747140865962,6.36719580954654,6.36778522587385,6.36923854096055,6.37155366429775,6.37472753456552,6.37875612327767,6.38363443905921,6.38935653256503,6.39591550205184,6.40330349961866,6.41151173813449,6.42053049887429,6.43034913988692,6.4409561051211,6.45233893433668,6.46448427383031,6.47737788800513,6.4910046718148,6.5053486641119,6.52039306193053,6.53612023573161,6.55251174563821,6.56954835868616,6.5872100671128,6.60547610770389,6.62432498221544,6.64373447888357,6.66368169503139,6.68414306077745,6.70509436384594,6.72651077547334,6.74836687740164,6.77063668994257,6.79329370109187,6.81631089666742,6.83966079143922,6.8633154612141,6.88724657583249,6.9114254330295,6.93582299310778,6.96040991436457,6.98515658921154,7.01003318092144,7.03500966093247,7.06005584663777,7.08514143958501,7.11023606400853,7.13530930561516,7.16033075054327,7.18527002441441,7.21009683139627,7.23478099319664,7.25929248790846,7.28360148862792,7.30767840176921,7.33149390500194,7.35501898473996,7.37822497311356,7.40108358436054,7.42356695057498,7.44564765675732,7.46729877511276,7.48849389854993,7.50920717333585,7.52941333086809,7.54908771852901,7.56820632959183,7.58674583215261,7.60468359706587,7.62199772486638,7.63866707166283,7.65467127399273,7.66999077263137,7.68460683535014,7.6985015786225,7.71165798827771,7.72405993910456,7.73569221340851,7.74654051852691,7.75659150330754,7.76583277355597,7.77425290645725,7.78184146397696,7.78858900524577,7.79448709793097,7.79952832859653,7.8037063120521,7.80701569968948,7.80945218680275,7.81101251888678,7.81169449690598,7.81149698152333,7.81041989627737,7.80846422969254,7.80563203630622,7.80192643659392,7.79735161577209,7.79191282145676,7.78561636015443,7.7784695925613,7.77048092764561,7.76165981548814,7.75201673885554,7.74156320348218,7.73031172703676,7.71827582675161,7.70547000569443,7.69190973766451,7.67761145069823,7.66259250917209,7.64687119449486,7.63046668438472,7.61339903073171,7.59568913605029,7.57735872853242,7.55843033571617,7.53892725679126,7.5188735335678,7.49829392014097,7.47721385128991,7.45565940965499,7.43365729174346,7.41123477281922,7.38841967073787,7.36524030879337,7.34172547764802,7.31790439642146,7.29380667301936,7.26946226378571,7.24490143256651,7.22015470927488,7.19525284805072,7.17022678510919,7.14510759637377,7.11992645499034,7.09471458881868,7.06950323799723,7.04432361267597,7.01920685101045,6.99418397750803,6.96928586181437,6.94454317802521,6.91998636460468,6.89564558498745,6.87155068893729,6.84773117473001,6.82421615222371,6.80103430687352,6.77821386474311,6.75578255855892,6.73376759484779,6.71219562219262,6.6910927006348,6.67048427224678,6.65039513289193,6.63084940518398,6.61187051265242,6.59348115511563,6.57570328525834,6.55855808640579,6.54206595148257,6.52624646314037,6.51111837503541,6.49669959423344,6.48300716471724,6.47005725196972,6.45786512860389,6.44644516100944,6.43581079698526,6.42597455432656,6.41694801033528,6.40874179222335,6.40136556837873,6.39482804046608,6.38913693633517,6.38429900371253,6.38032000465417,6.37720471073984,6.37495689899266,6.37357934851072,6.37307383780125
22,6.09482122414198,6.09519619936444,6.09649438513955,6.09871451345296,6.10185426540852,6.1059102717915,6.11087811429039,6.11675232739835,6.12352640102002,6.13119278381393,6.13974288730492,6.14916709080484,6.15945474718337,6.17059418953361,6.18257273877974,6.19537671227601,6.2089914334475,6.22340124252394,6.23858950841812,6.2545386417993,6.27123010941132,6.28864444968261,6.3067612896728,6.32555936339704,6.34501653156508,6.36510980276727,6.38581535613425,6.40710856549074,6.42896402501776,6.45135557642971,6.47425633766589,6.49763873308762,6.52147452516386,6.54573484762014,6.57039024001653,6.59541068371209,6.62076563916434,6.64642408450422,6.67235455531819,6.69852518556193,6.724903749522,6.751457704735,6.77815423576757,6.80496029875446,6.83184266658684,6.85876797463903,6.88570276691799,6.91261354251733,6.93946680225605,6.96622909538111,6.99286706621311,7.01934750061537,7.04563737216834,7.0717038879342,7.09751453369993,7.12303711859147,7.14823981895659,7.17309122141989,7.19756036501964,7.22161678234285,7.24523053958249,7.26837227544807,7.29101323886909,7.31312532543839,7.33468111255116,7.355653893203,7.37601770841869,7.39574737829132,7.4148185316186,7.43320763413081,7.4508920153114,7.46784989381781,7.4840604015155,7.49950360614375,7.51416053263599,7.52801318312136,7.54104455563743,7.55323866158602,7.56458054196613,7.57505628241847,7.58465302711639,7.59335899153737,7.60116347414785,7.6080568670323,7.61403066549466,7.61907747665733,7.62319102707886,7.62636616940769,7.62859888808446,7.62988630410064,7.6302266788163,7.62961941683434,7.62806506792347,7.62556532797679,7.6221230389878,7.61774218802061,7.61242790514667,7.60618646031567,7.59902525912484,7.5909528374473,7.58197885487739,7.57211408694876,7.56137041607982,7.54976082120005,7.53729936601122,7.52400118583809,7.50988247302502,7.49496046083733,7.4792534058297,7.4627805686477,7.4455621932337,7.42761948441374,7.40897458384817,7.38965054433584,7.36967130246896,7.34906164964341,7.32784720143787,7.30605436538338,7.28371030715401,7.26084291521789,7.23748076399719,7.21365307559416,7.18938968014925,7.16472097490578,7.13967788206377,7.11429180551297,7.08859458654286,7.06261845863335,7.03639600143619,7.00996009406237,6.98334386779488,6.95658065835017,6.92970395781409,6.90274736638034,6.87574454401991,6.84872916221069,6.82173485585503,6.79479517551177,6.7679435400665,6.74121318996033,6.71463714109357,6.68824813951557,6.66207861700641,6.63616064765006,6.6105259054917,6.58520562336467,6.56023055296499,6.53563092624315,6.51143641817487,6.48767611096387,6.46437845972137,6.44157125965817,6.41928161481716,6.39753590836518,6.3763597744553,6.35577807166271,6.33581485798964,6.31649336742757,6.29783598805841,6.27986424166984,6.26259876485426,6.24605929155581,6.23026463702506,6.21523268313713,6.20098036502558,6.18752365898175,6.17487757156705,6.16305612988439,6.15207237295405,6.14193834413923,6.13266508456689,6.12426262749053,6.1167399935433,6.11010518683184,6.1043651918239,6.09952597098601,6.09559246313088,6.09256858243817,6.09045721811663,6.08926023467979,6.08897847281256,6.08961175081069,6.09115886658035,6.09361760018987,6.09698471697136,6.10125597117434,6.10642611017912,6.11248887928215,6.11943702707037,6.12726231140579,6.13595550604598,6.14550640792936,6.15590384515807,6.16713568571366,6.17918884694345,6.19204930585738,6.20570211027645,6.22013139087459,6.23532037415628,6.25125139641163,6.26790591868985,6.28526454283025,6.30330702858807,6.32201231188937,6.341358524246,6.36132301335792,6.38188236492538,6.40301242568916,6.42468832771096,6.4468845139012,6.46957476479462,6.4927322265682,6.51632944028926,6.54033837237466,6.56473044623544,6.58947657507426,6.61454719579607,6.63991230398615,6.66554148990257,6.69140397542441,6.71746865189079,6.74370411876049,6.77007872301646,6.7965605992355,6.82311771023859,6.84971788823465,6.87632887636692,6.90291837056963,6.92945406164039,6.95590367743359,6.98223502507918,7.00841603313227,7.03441479355985,7.06019960347259,7.08573900651252,7.11100183380972,7.13595724442533,7.16057476520136,7.18482432994325,7.20867631786469,7.23210159123029,7.2550715321366,7.27755807837741,7.29953375834536,7.32097172492696,7.34184578835453,7.36213044798352,7.38180092296967,7.4008331818255,7.41920397084067,7.43689084135571,7.45387217588273,7.47012721307093,7.48563607151843,7.50037977243475,7.51434026116128,7.52750042755922,7.5398441252758,7.55135618990157,7.56202245603112,7.57182977324086,7.58076602099645,7.588820122502,7.59598205750193,7.60224287404473,7.60759469921587,7.61203074884481,7.61554533618841,7.6181338795904,7.61979290911309,7.62052007213491,7.62031413790371,7.61917500103266,7.61710368392239,7.61410233808991,7.6101742443819,7.60532381204719,7.59955657664099,7.59287919673111,7.58529944937489,7.57682622433405,7.56746951699421,7.55724041995501,7.54615111325749,7.53421485321594,7.52144595982262,7.50785980269613,7.49347278554644,7.47830232913272,7.46236685269405,7.44568575383705,7.42827938686945,7.41016903957388,7.3913769084216,7.37192607223258,7.35184046429401,7.33114484295679,7.30986476073601,7.28802653194877,7.26565719892973,7.2427844968722,7.21943681734936,7.19564317057747,7.1714331464896,7.14683687469479,7.12188498340391,7.09660855740894,7.07103909520781,7.04520846537156,7.01914886225479,6.99289276115367,6.96647287301892,6.939922098833,6.91327348376255,6.88656017119749,6.85981535678849,6.83307224259363,6.80636399144381,6.77972368163414,6.753184262046,6.72677850780083,6.70053897654295,6.67449796544381,6.6486874690154,6.62313913781459,6.59788423811463,6.57295361261356,6.54837764224267,6.52418620913163,6.50040866077966,6.47707377547539,6.45420972900068,6.43184406264687,6.41000365256498,6.38871468046419,6.36800260566686,6.34789213852159,6.32840721516972,6.30957097365515,6.2914057313619,6.27393296375858,6.25717328442505,6.2411464263318,6.22587122433958,6.21136559888356,6.19764654080377,6.18473009728192,6.17263135884284,6.16136444737854,6.15094250515205,6.1413776847389,6.13268113986474,6.12486301709892,6.11793244836566,6.11189754423705,6.10676538797435,6.10254203028789,6.099232484789,6.09684072411141,6.09536967668416,6.09482122414198
23,5.81718804864349,5.81756922711553,5.81892150341293,5.82124358201051,5.82453307561384,5.82878650539933,5.83399930182165,5.84016580601398,5.84727927181248,5.85533186844225,5.86431468390787,5.87421772913602,5.88502994292306,5.89673919774384,5.90933230648207,5.92279503014482,5.93711208662628,5.95226716058699,5.9682429145152,5.98502100103698,6.00258207654022,6.02090581617579,6.03997093029605,6.05975518238717,6.0802354085469,6.10138753855396,6.12318661856875,6.14560683549802,6.16862154304825,6.19220328948386,6.21632384709744,6.24095424338959,6.26606479394577,6.29162513698754,6.31760426956498,6.34397058534648,6.37069191395152,6.39773556176187,6.42506835413629,6.45265667894412,6.4804665313239,6.50846355956445,6.5366131119979,6.56488028478679,6.59322997048122,6.62162690721647,6.65003572841717,6.67842101287077,6.70674733503075,6.7349793154089,6.76308167091583,6.79101926501037,6.81875715752008,6.84626065399895,6.87349535449233,6.90042720158433,6.92702252760953,6.95324810091702,6.97907117108352,7.00445951297977,7.02938146960377,7.05380599360386,7.0777026874238,7.10104184201256,7.1237944740509,7.14593236165714,7.16742807854427,7.18825502661018,7.20838746695199,7.22780054930441,7.24647033991022,7.26437384783904,7.28148904977687,7.29779491331608,7.31327141878006,7.32789957962196,7.34166146144046,7.35454019965802,7.36652001590924,7.37758623318779,7.38772528979985,7.39692475217171,7.40517332655679,7.4124608696848,7.4187783983923,7.42411809826945,7.42847333135326,7.43183864289149,7.43420976719618,7.43558363259849,7.43595836551072,7.43533329359374,7.43370894802157,7.43108706482763,7.42747058531041,7.42286365546969,7.41727162443835,7.41070104186857,7.40315965422657,7.39465639994485,7.38520140337747,7.37480596750045,7.3634825652975,7.35124482976964,7.33810754250731,7.32408662076412,7.30919910297289,7.29346313264773,7.2768979406195,7.2595238255566,7.24136213272899,7.22243523097986,7.20276648787683,7.1823802430229,7.16130177951623,7.13955729355755,7.11717386221389,7.0941794093581,7.07060266981393,7.04647315174791,7.02182109735994,6.99667744193533,6.97107377133204,6.94504227798715,6.91861571553641,6.89182735215038,6.86471092269942,6.83730057986775,6.80963084434419,6.78173655422339,6.7536528137569,6.72541494159758,6.69705841868441,6.66861883591666,6.64013184176786,6.61163308998954,6.58315818755401,6.55474264298305,6.52642181520606,6.49823086308717,6.4702046957554,6.44237792386594,6.41478481191361,6.38745923171208,6.36043461714365,6.3337439202761,6.30741956893304,6.28149342579499,6.25599674909792,6.23096015498598,6.20641358156476,6.18238625469085,6.15890665552361,6.13600248985458,6.11370065922045,6.09202723379591,6.0710074270538,6.0506655721712,6.03102510015247,6.01210851963255,5.99393739831733,5.97653234601174,5.95991299918105,5.94409800698619,5.92910501873023,5.91495067265021,5.90165058598622,5.88921934625824,5.8776705036808,5.86701656464535,5.85726898620141,5.84843817146894,5.84053346591676,5.83356315444471,5.82753445921078,5.8224535381485,5.8183254841245,5.815154324691,5.81294302239374,5.81169347560131,5.81140651982809,5.81208192952906,5.81371842035144,5.81631365183428,5.81986423055394,5.82436571371946,5.82981261322876,5.83619840020209,5.84351551001563,5.85175534786347,5.86090829488152,5.87096371487189,5.88190996167024,5.89373438720299,5.90642335028406,5.91996222620368,5.93433541716375,5.94952636361562,5.96551755655648,5.98229055084078,5.99982597956195,6.01810356955808,6.037102158093,6.05679971076091,6.07717334065886,6.09819932886707,6.11985314627161,6.14210947675821,6.16494224179985,6.18832462645328,6.21222910677302,6.236627478643,6.26149088801823,6.28678986256071,6.31249434464509,6.33857372570135,6.36499688185314,6.39173221080221,6.41874766990117,6.44601081534902,6.47348884243633,6.50114862676024,6.52895676632262,6.5568796244192,6.58488337322227,6.61293403795477,6.64099754155062,6.66903974969243,6.69702651611636,6.72492372807247,6.75269735182853,6.7803134781059,6.80773836733744,6.83493849463947,6.86188059439304,6.88853170433299,6.91485920904809,6.94083088280035,6.96641493157692,6.99158003429437,7.01629538308121,7.04053072257149,7.06425638814903,7.08744334308914,7.11006321455173,7.13208832838707,7.15349174272209,7.17424728030271,7.1943295595735,7.21371402448312,7.23237697300909,7.25029558440185,7.26744794515221,7.28381307369138,7.29937094383634,7.31410250699672,7.32798971316188,7.3410155306891,7.35316396491488,7.36442007561225,7.37476999331692,7.3842009345446,7.39270121592061,7.40026026724117,7.40686864348344,7.41251803577868,7.41720128135962,7.42091237248968,7.42364646437756,7.42539988207681,7.42617012636541,7.42595587859625,7.42475700450447,7.42257455695374,7.41941077759866,7.41526909743682,7.4101541362198,7.40407170068914,7.39702878160016,7.38903354949359,7.38009534917341,7.37022469284717,7.35943325188469,7.34773384715055,7.33514043786653,7.32166810896099,7.30733305686486,7.29215257371592,7.276145029937,7.25932985515803,7.24172751745629,7.22335950089543,7.20424828134966,7.18441730060646,7.16389093874847,7.14269448482299,7.12085410581562,7.09839681395313,7.07535043236895,7.05174355917385,7.02760552998277,7.00296637895758,6.9778567984342,6.95230809721043,6.9263521575791,6.90002139119845,6.87334869389856,6.8463673995293,6.81911123296048,6.79161426235059,6.76391085080403,6.73603560754061,6.70802333870362,6.67990899793427,6.65172763684136,6.62351435549489,6.59530425307125,6.56713237877613,6.53903368316832,6.51104297000429,6.48319484871925,6.45552368765521,6.42806356814132,6.40084823952521,6.37391107524747,6.3472850300442,6.32100259835481,6.29509577400451,6.26959601122241,6.24453418704816,6.21994056517129,6.19584476123901,6.17227570965989,6.14926163192225,6.12683000643825,6.10500753991662,6.08382014025926,6.06329289096999,6.04345002705683,6.02431491240266,6.00591001857365,5.9882569050292,5.97137620069276,5.95528758683854,5.94000978124583,5.92556052356974,5.91195656187514,5.89921364027887,5.88734648764472,5.87636880727544,5.86629326754649,5.85713149342741,5.84889405883871,5.84159047979425,5.83522920828237,5.82981762684232,5.82536204379689,5.82186768910642,5.81933871081448,5.81777817206091,5.81718804864349
24,5.54127185382059,5.54165790127682,5.54305985763755,5.54547640810592,5.54890511145801,5.55334239990883,5.55878357942686,5.56522283052737,5.5726532095823,5.58106665069169,5.59045396816896,5.60080485969858,5.61210791023078,5.62435059668315,5.63751929352381,5.6515992793145,5.6665747442948,5.6824287990912,5.69914348463538,5.71669978337635,5.73507763187011,5.75425593482861,5.77421258070624,5.7949244588985,5.8163674786216,5.83851658953579,5.86134580416776,5.88482822217905,5.90893605651833,5.93364066148517,5.95891256272235,5.98472148914223,6.0110364067806,6.03782555455945,6.06505648192711,6.09269608833163,6.12071066447046,6.14906593524687,6.1777271043512,6.20665890037316,6.23582562433986,6.26519119856401,6.29471921667634,6.32437299470801,6.35411562308031,6.38391001935294,6.41371898157594,6.44350524208676,6.47323152159077,6.50286058336195,6.53235528740055,6.56167864438556,6.59079386926251,6.61966443431088,6.64825412154067,6.67652707427377,6.70444784777344,6.73198145879356,6.7590934339284,6.78574985665417,6.81191741296412,6.83756343551032,6.862655946177,6.88716369702238,6.91105620953773,6.93430381218498,6.95687767618552,6.97874984954508,6.99989328931038,7.02028189206426,7.03989052267583,7.0586950413317,7.07667232888272,7.0938003105483,7.11005797802684,7.12542541006642,7.13988379155418,7.15341543118609,7.16600377778113,7.17763343530428,7.18829017666317,7.19796095634125,7.20663392192819,7.2142984246046,7.22094502863349,7.22656551990557,7.23115291357907,7.23470146084774,7.23720665486296,7.23866523582779,7.23907519527192,7.23843577950802,7.2367474922604,7.23401209644853,7.23023261509849,7.2254133313473,7.2195597874966,7.21267878306459,7.20477837177835,7.19586785744212,7.18595778861227,7.175059952005,7.16318736455996,7.15035426408067,7.13657609837194,7.12186951279477,7.10625233616111,7.08974356489357,7.07236334537966,7.05413295445551,7.03507477796085,7.01521228731468,6.99457001407039,6.97317352241862,6.95104937961716,6.92822512433885,6.90472923294046,6.88059108366842,6.85584091883038,6.83050980497464,6.80462959113333,6.778232865198,6.75135290850976,6.72402364875852,6.69627961129817,6.66815586899591,6.63968799074477,6.61091198877797,6.58186426493273,6.55258155601862,6.52310087845201,6.49345947232367,6.46369474506991,6.43384421492095,6.4039454543006,6.37403603335199,6.34415346376186,6.31433514305368,6.28461829951539,6.25503993792239,6.22563678620994,6.19644524324166,6.16750132781196,6.13884062901142,6.11049825807328,6.08250880180891,6.05490627772839,6.02772409093051,6.00099499283465,5.97475104181414,5.94902356577884,5.92384312674173,5.89923948739258,5.87524157968935,5.8518774754667,5.82917435904956,5.80715850184916,5.78585523890899,5.76528894735876,5.74548302672578,5.7264598810456,5.70824090270669,5.69084645795801,5.67429587400315,5.65860742760057,5.6437983350863,5.62988474373305,5.61688172435863,5.60480326509569,5.59366226623586,5.58347053606231,5.57423878758721,5.56597663611355,5.55869259754451,5.5523940873683,5.54708742025119,5.54277781017762,5.53946937108232,5.53716511792618,5.53586696817484,5.53557574364653,5.53629117270318,5.53801189276703,5.54073545315289,5.54445831821426,5.54917587080949,5.55488241610214,5.56157118571721,5.56923434228262,5.5778629843918,5.58744715203054,5.59797583251684,5.60943696700821,5.62181745763593,5.63510317532992,5.64927896840116,5.664328671952,5.68023511818561,5.69698014768794,5.71454462175488,5.73290843583701,5.75205053417269,5.77194892567741,5.79258070115412,5.81392205188475,5.83594828965799,5.85863386828219,5.88195240662567,5.90587671321883,5.9303788124445,5.95542997233406,5.98100073397737,6.00706094254518,6.03357977991224,6.06052579885933,6.0878669588219,6.11557066314269,6.14360379777543,6.17193277137658,6.20052355671259,6.22934173330055,6.25835253119164,6.28752087579869,6.31681143366172,6.3461886590387,6.37561684120365,6.40506015232878,6.43448269582424,6.46384855500629,6.49312184196291,6.52226674648559,6.5512475849365,6.58002884892186,6.60857525364478,6.63685178581489,6.66482375099596,6.69245682027862,6.71971707617116,6.74657105760832,6.77298580398534,6.7989288981327,6.82436850815505,6.8492734280668,6.87361311716541,6.89735773809258,6.92047819354237,6.94294616158399,6.96473412957595,6.98581542665593,7.00616425479919,7.02575571844544,7.04456585270079,7.06257165012794,7.079751086143,7.09608314304218,7.11154783268569,7.12612621786934,7.13980043241655,7.15255370002546,7.16437035190604,7.1752358432424,7.18513676851447,7.19406087571147,7.20199707946739,7.20893547314546,7.21486733989496,7.21978516269945,7.22368263343069,7.22655466091738,7.22839737803233,7.2292081477959,7.22898556848747,7.22772947775111,7.22544095567513,7.22212232681982,7.21777716116176,7.21241027391809,7.20602772420895,7.19863681251224,7.19024607686078,7.18086528772915,7.17050544155475,7.15917875283637,7.14689864475263,7.13367973824278,7.11953783949352,7.10448992577756,7.08855412959226,7.07174972105113,7.05409708848524,7.03561771721771,7.01633416648075,6.99627004445227,6.97544998139695,6.95389960090573,6.93164548923649,6.9087151627691,6.88513703359748,6.86094037329229,6.83615527487814,6.81081261307982,6.78494400290257,6.75858175662182,6.73175883926779,6.7045088226997,6.67686583837366,6.64886452891676,6.62053999862713,6.59192776302721,6.56306369760308,6.53398398586782,6.50472506689118,6.47532358244055,6.44581632388046,6.41624017897866,6.38663207876659,6.35702894460092,6.32746763557062,6.29798489639049,6.26861730591811,6.23940122642573,6.21037275375279,6.18156766845788,6.15302138808128,6.12476892062131,6.09684481931875,6.06928313883459,6.04211739289674,6.01538051348167,5.98910481158657,5.9633219396381,5.93806285557308,5.91335778861697,5.88923620677572,5.8657267860473,5.84285738134956,5.82065499915249,5.7991457717942,5.77835493345227,5.75830679773435,5.73902473684557,5.72053116228377,5.70284750700839,5.6859942090242,5.66999069631682,5.65485537307402,5.64060560712449,5.62725771852386,5.61482696921718,5.6033275537071,5.59277259065747,5.58317411536413,5.57454307302638,5.56688931275622,5.56022158226578,5.554547523178,5.54987366691056,5.54620543108862,5.54354711644829,5.54190190419905,5.54127185382059
25,5.26809950151483,5.26848923431335,5.26993631210842,5.27243940894839,5.27599604447372,5.28060258336128,5.28625423506969,5.29294505392101,5.30066793956315,5.30941463786668,5.31917574231834,5.32994069598184,5.34169779410373,5.35443418744946,5.36813588646012,5.38278776632598,5.39837357307652,5.41487593078993,5.43227635002688,5.45055523759368,5.46969190773982,5.48966459489235,5.51045046802707,5.53202564677109,5.55436521932634,5.57744326229571,5.6012328624856,5.62570614074881,5.6508342779212,5.67658754289347,5.70293532284716,5.72984615567024,5.75728776455341,5.78522709475387,5.81363035249805,5.84246304597944,5.87169002839252,5.90127554292863,5.9311832696445,5.96137637410004,5.9918175576481,6.02246910924596,6.05329295864663,6.08425073081669,6.11530380141845,6.14641335318533,6.17754043301334,6.20864600958543,6.23969103134284,6.27063648461462,6.30144345171707,6.33207316883546,6.36248708350373,6.39264691150229,6.42251469300018,6.45205284777517,6.48122422935437,6.50999217792788,6.53832057189917,6.56617387794807,6.59351719949491,6.6203163234682,6.64653776529207,6.67214881202407,6.69711756358859,6.7214129720655,6.7450048790079,6.76786405077722,6.78996221189686,6.81127207643904,6.83176737747102,6.85142289459878,6.87021447965562,6.88811908059301,6.90511476363839,6.92118073379128,6.9362973537347,6.95044616124209,6.96360988516308,6.97577246007195,6.98691903966252,6.9970360089713,7.00611099550746,7.01413287936403,7.02109180237845,7.02697917640453,7.03178769074893,7.03551131881754,7.03814532400641,7.03968626486243,7.04013199952743,7.03948168946872,7.03773580248713,7.03489611498276,7.03096571344695,7.02594899513807,7.01985166788853,7.01268074898016,7.00444456301655,6.99515273871238,6.98481620451326,6.97344718295355,6.96105918365538,6.94766699486887,6.93328667345238,6.91793553319126,6.90163213135562,6.88439625340042,6.8662488957163,6.84721224634583,6.82730966358771,6.80656565242069,6.78500583868972,6.76265694100867,6.73954674034688,6.71570404728064,6.6911586669057,6.66594136142193,6.64008381041732,6.61361856889424,6.58657902309763,6.55899934422019,6.53091444007584,6.50235990484794,6.47337196703329,6.44398743571698,6.41424364532565,6.38417839901909,6.35382991088982,6.32323674715015,6.29243776649341,6.26147205982252,6.23037888954328,6.19919762862315,6.16796769961703,6.13672851386178,6.10551941103867,6.0743795992997,6.0433480961487,6.01246367026111,5.98176478441904,5.95128953972825,5.92107562127417,5.89116024536179,5.86158010847273,5.83237133805916,5.80356944528079,5.77520927977701,5.74732498655148,5.71994996503214,5.69311683035436,5.6668573769008,5.64120254411661,5.61618238460487,5.59182603449323,5.56816168604978,5.54521656251389,5.52301689509579,5.50158790208825,5.48095377002367,5.46113763680099,5.44216157669904,5.42404658718624,5.40681257743063,5.39047835840993,5.37506163451769,5.36057899655934,5.34704591603067,5.3344767405713,5.32288469048647,5.31228185623256,5.30267919676476,5.29408653864907,5.28651257584588,5.27996487007771,5.27444985170031,5.26997282100337,5.2665379498748,5.26414828377067,5.26280574394198,5.26251112987816,5.26326412193681,5.26506328413889,5.26790606711809,5.27178881122308,5.27670674978107,5.28265401254054,5.28962362932052,5.29760753390278,5.30659656821187,5.31658048683614,5.32754796195046,5.33948658870821,5.35238289117633,5.36622232889266,5.38098930412929,5.39666716994926,5.41323823914665,5.43068379416174,5.44898409806346,5.46811840669089,5.48806498204399,5.50880110701113,5.53030310151702,5.55254634016999,5.57550527148148,5.59915343872358,5.62346350248291,5.64840726495973,5.67395569605196,5.70007896125303,5.72674645138174,5.7539268141502,5.78158798756429,5.80969723513846,5.83822118289409,5.86712585809819,5.89637672968653,5.92593875030301,5.95577639987522,5.98585373063475,6.01613441347973,6.04658178556756,6.07715889901599,6.10782857058329,6.13855343219036,6.16929598214244,6.20001863690277,6.23068378326756,6.26125383078923,6.2916912642942,6.32195869634194,6.35201891947407,6.38183495810484,6.41137011990952,6.4405880465716,6.46945276375727,6.49792873019249,6.52598088572658,6.5535746982755,6.58067620954753,6.60725207946474,6.63326962920386,6.65869688279144,6.68350260719927,6.70765635089661,6.73112848082724,6.75389021778956,6.77591367020831,6.7971718662962,6.81763878461282,6.83728938303671,6.85609962617386,6.87404651123303,6.89110809240386,6.90726350377862,6.92249298086274,6.93677788072141,6.95010070081217,6.9624450965535,6.97379589767962,6.98413912343013,6.99346199662123,7.00175295664174,7.00900167141334,7.0151990483497,7.02033724434326,7.02440967480267,7.02741102175706,7.02933724103574,7.03018556852528,7.02995452549722,7.02864392299285,7.02625486524274,7.02278975209197,7.0182522803939,7.01264744432874,7.00598153459656,6.99826213642851,6.98949812635461,6.97969966766271,6.96887820447894,6.95704645439826,6.94421839959166,6.93040927631683,6.91563556275935,6.89991496513388,6.88326640197779,6.86570998657395,6.84726700744513,6.82795990686883,6.80781225736901,6.78684873615012,6.76509509744808,6.74257814278339,6.71932568911275,6.69536653488694,6.67073042403533,6.64544800790932,6.61955080523022,6.59307116009942,6.56604219814152,6.53849778086338,6.51047245832414,6.48200142022276,6.45312044552036,6.42386585072476,6.39427443697399,6.36438343606348,6.33423045556897,6.3038534232231,6.27329053070848,6.24258017703365,6.21176091166035,6.18087137755183,6.14995025431142,6.11903620157895,6.08816780284993,6.05738350987808,6.02672158781699,5.9962200612499,5.96591666124976,5.93584877360324,5.90605338832332,5.8765670505655,5.84742581305207,5.81866519009797,5.79032011332071,5.76242488910469,5.73501315787902,5.70811785525551,5.681771175062,5.6560045342941,5.63084853999723,5.60633295807921,5.58248668404307,5.55933771561928,5.5369131272667,5.51523904650251,5.49434063201255,5.47424205348601,5.45496647311111,5.43653602866236,5.4189718181045,5.40229388563378,5.38652120907387,5.3716716885405,5.35776213628798,5.34480826764911,5.33282469298093,5.32182491052922,5.31182130012695,5.30282511764476,5.29484649011504,5.28789441145609,5.28197673872777,5.2771001888566,5.27327033577465,5.27049160792421,5.26876728608823,5.26809950151483
26,4.99862271830328,4.99901511502669,5.00050266268067,5.00308403200902,5.00675671840641,5.01151704089751,5.01736014124047,5.02427998319451,5.03226935200365,5.04131985415913,5.05142191751385,5.0625647918323,5.07473654986869,5.08792408907438,5.10211313404342,5.11728823981136,5.13343279612795,5.15052903282825,5.16855802642946,5.18749970808222,5.20733287300469,5.2280351915262,5.24958322186396,5.27195242475143,5.29511718003052,5.31905080531189,5.34372557679799,5.36911275235272,5.39518259688906,5.42190441013264,5.44924655680433,5.47717649924919,5.50566083252266,5.53466532192741,5.56415494297656,5.59409392374089,5.62444578951952,5.65517340975524,5.6862390470984,5.71760440850537,5.74923069824186,5.78107867264526,5.81310869648611,5.84528080075569,5.87755474169498,5.90989006087055,5.94224614609421,5.97458229297752,6.00685776690699,6.03903186522394,6.07106397939191,6.1029136569362,6.13454066294346,6.16590504091419,6.19696717276856,6.22768783781434,6.25802827049628,6.28795021675804,6.3174159888611,6.34638851851917,6.37483140822192,6.40270898063808,6.42998632600439,6.456629347424,6.4826048040151,6.50788035186802,6.53242458278558,6.55620706079869,6.57919835646497,6.60137007897346,6.62269490609311,6.64314661201617,6.66270009315941,6.68133139199751,6.69901771901194,6.71573747284679,6.73147025876927,6.7461969055372,6.7598994807788,6.77256130499124,6.78416696426399,6.79470232183062,6.8041545285491,6.81251203240487,6.81976458712418,6.8259032599765,6.83092043883549,6.83480983855659,6.83756650671785,6.83918682875745,6.83966853252833,6.83901069227603,6.83721373203193,6.83427942839984,6.83021091269947,6.82501267241697,6.8186905518992,6.81125175221614,6.80270483010433,6.79305969589383,6.78232761031239,6.77052118005281,6.75765435198355,6.74374240587877,6.72880194554121,6.7128508881911,6.69590845199591,6.67799514161881,6.65913273166947,6.63934424794793,6.61865394638148,6.59708728956543,6.57467092083115,6.55143263577897,6.52740135122871,6.50260707155756,6.47708085241236,6.45085476180177,6.42396183859278,6.39643604845544,6.36831223731856,6.33962608241913,6.31041404104637,6.28071329710018,6.2505617056009,6.21999773530422,6.18906040958988,6.15778924580741,6.12622419327404,6.09440557013108,6.06237399927406,6.03017034357885,5.99783564065166,5.96541103733378,5.93293772419333,5.9004568702358,5.8680095580622,5.83563671969964,5.80337907332228,5.77127706107305,5.73937078818659,5.70769996360279,5.67630384224778,5.64522116914562,5.61449012550908,5.58414827694233,5.55423252387219,5.52477905430735,5.49582329900841,5.46739988913362,5.43954261640816,5.41228439584751,5.38565723104857,5.35969218204553,5.33441933571203,5.30986777867545,5.28606557269549,5.26303973244521,5.24081620562082,5.21941985529501,5.19887444441869,5.17920262236709,5.16042591341857,5.14256470704842,5.12563824991473,5.1096646394098,5.09466081864856,5.08064257276382,5.06762452637914,5.05562014213093,5.04464172011457,5.03470039813279,5.02580615262984,5.01796780020042,5.01119299956978,5.00548825394875,5.00085891367619,4.99730917907074,4.99484210342338,4.99345959607303,4.99316242551827,4.99395022252922,4.99582148323558,4.99877357217791,5.00280272532148,5.00790405304311,5.01407154311327,5.02129806370668,5.02957536648569,5.03889408981093,5.04924376214368,5.06061280571363,5.07298854053399,5.08635718885373,5.10070388014337,5.11601265671644,5.13226648009344,5.14944723821875,5.16753575364318,5.18651179278605,5.20635407639072,5.22704029128579,5.24854710356169,5.2708501732683,5.2939241707338,5.31774279459842,5.34227879164892,5.36750397853033,5.39338926540161,5.4199046815905,5.44701940329035,5.47470178332936,5.50291938302816,5.53163900614776,5.56082673491511,5.59044796809818,5.62046746108765,5.65084936792679,5.68155728521654,5.71255429780808,5.74380302618123,5.77526567539383,5.80690408547494,5.83867978312323,5.87055403456198,5.90248789939299,5.93444228528459,5.96637800332251,5.9982558238484,6.03003653260753,6.06168098702637,6.09315017244089,6.12440525809853,6.15540765276046,6.18611905973581,6.21650153118599,6.24651752154526,6.27612993991273,6.3053022012811,6.33399827647856,6.36218274071257,6.38982082061615,6.416878439711,6.44332226221493,6.4691197351344,6.49423912859683,6.5186495743905,6.54232110269279,6.56522467698027,6.58733222712583,6.60861668069939,6.6290519924988,6.64861317234729,6.66727631120155,6.68501860562213,6.70181838066375,6.71765511124736,6.73250944207997,6.74636320618974,6.75919944214505,6.77100241002573,6.78175760621287,6.79145177706095,6.80007293151164,6.80761035270388,6.81405460862834,6.81939756186757,6.82363237845521,6.82675353587905,6.82875683024368,6.82963938259893,6.82939964443052,6.82803740229922,6.82555378160508,6.82195124944325,6.81723361650861,6.81140603799721,6.80447501344405,6.79644838542931,6.78733533707762,6.77714638826996,6.7658933904823,6.75358952016179,6.74024927054912,6.72588844185466,6.71052412969642,6.69417471170979,6.67685983224266,6.65860038505388,6.63941849393961,6.61933749121979,6.59838189402541,6.57657737833808,6.55395075074413,6.53052991787799,6.50634385354299,6.48142256351105,6.45579704801788,6.42949926198461,6.40256207301239,6.37501921721125,6.34690525293987,6.31825551254764,6.28910605222455,6.25949360007835,6.22945550257123,6.19902966946008,6.1682545173956,6.13716891234501,6.10581211101153,6.07422370143089,6.04244354293085,6.0105117056434,5.97846840976231,5.94635396473941,5.91420870861251,5.8820729476559,5.8499868965406,5.81799061918705,5.78612397048583,5.75442653905537,5.7229375911961,5.691696016191,5.66074027309189,5.63010833911869,5.5998376597873,5.56996510086823,5.54052690226509,5.51155863388835,5.48309515358607,5.455170567179,5.42781819063417,5.40107051439683,5.37495916988765,5.34951489815879,5.32476752069004,5.30074591229429,5.27747797609007,5.25499062048855,5.23330973813252,5.21246018671588,5.19246577160418,5.17334923016964,5.1551322177481,5.13783529512025,5.1214779174153,5.10607842433264,5.09165403157496,5.07822082338549,5.06579374608251,5.05438660248546,5.04401204712952,5.03468158216899,5.02640555387424,5.01919314963236,5.01305239536831,5.00799015331011,5.00401212003026,5.00112282470385,4.99932562753378,4.99862271830328
27,4.73371476669437,4.73410897334896,4.73563229611018,4.73828340987902,4.74205980058049,4.74695776363962,4.75297240237435,4.76009762635083,4.76832614976026,4.77764948988951,4.78805796577093,4.79954069710835,4.81208560358814,4.82567940469421,4.8403076201552,4.85595457116056,4.87260338248847,4.89023598569441,4.9088331235126,4.92837435562478,4.94883806595136,4.97020147161834,4.99244063375026,5.01553047023444,5.03944477059468,5.06415621310388,5.08963638425418,5.1158558006913,5.14278393370516,5.17038923635372,5.19863917327977,5.22750025326225,5.2569380645243,5.2869173128002,5.3174018621424,5.34835477842876,5.37973837550859,5.41151426390489,5.44364340196914,5.47608614936463,5.50880232273476,5.54175125339432,5.57489184686466,5.60818264405781,5.6415818839011,5.67504756718157,5.70853752137943,5.7420094662524,5.77542107992686,5.8087300652487,5.84189421614568,5.87487148375493,5.90762004207245,5.94009835288787,5.97226522977567,6.00407990092422,6.03550207059623,6.06649197902767,6.09701046058806,6.12701900004118,6.1564797867636,6.18535576679695,6.21361069262943,6.24120917062211,6.26811670601573,6.29429974547412,6.31972571714015,6.34436306820008,6.36818129997097,6.39115100054398,6.41324387503355,6.43443277349828,6.45469171661385,6.47399591919127,6.49232181164493,6.50964705952459,6.52595058123278,6.54121256405488,6.55541447863267,6.56853909201363,6.58057047940779,6.5914940347814,6.60129648041185,6.60996587552211,6.61749162410409,6.62386448203078,6.62907656354447,6.63312134719613,6.63599368129557,6.63768978891724,6.63820727248962,6.63754511797949,6.63570369866466,6.63268477847143,6.62849151483544,6.62312846102783,6.61660156787192,6.60891818476027,6.60008705986767,6.59011833944259,6.57902356604808,6.56681567561364,6.55350899315182,6.53911922698765,6.52366346134575,6.50716014713872,6.48962909080186,6.47109144102273,6.45156967322027,6.4310875716364,6.40967020891385,6.38734392304631,6.36413629160245,6.34007610314113,6.31519332575418,6.28951907269223,6.26308556505042,6.23592609151221,6.20807496517257,6.17956747748421,6.15043984939403,6.1207291797595,6.0904733911574,6.05971117321901,6.02848192364651,5.99682568708513,5.96478309204368,5.93239528607234,5.89970386942158,5.86675082741853,5.83357846180766,5.80022932131103,5.76674613166932,5.73317172542839,5.69954897173767,5.6659207064254,5.63232966261241,5.59881840212067,5.56542924792496,5.53220421788628,5.49918495999403,5.46641268933049,5.43392812695641,5.40177144089984,5.36998218941335,5.33859926664581,5.30766085085599,5.27720435527537,5.24726638170739,5.21788267692997,5.18908809194808,5.16091654412287,5.13340098218454,5.10657335411683,5.08046457788296,5.05510451494533,5.03052194651503,5.00674455245179,4.9837988927213,4.9617103913038,4.94050332243683,4.92020079906502,4.90082476336151,4.88239597917871,4.86493402628087,4.84845729620687,4.8329829896099,4.81852711491927,4.80510448817074,4.79272873385371,4.78141228662712,4.77116639376049,4.76200111816291,4.75392534186966,4.74694676986456,4.74107193412535,4.73630619778963,4.73265375934988,4.73011765679764,4.72869977164948,4.72840083279993,4.72922042015994,4.73115696805284,4.73420776835341,4.73836897336951,4.74363559847913,4.7500015245496,4.7574595001785,4.76600114380897,4.7756169457843,4.78629627041829,4.79802735816919,4.81079732801471,4.82459218013532,4.83939679902093,4.85519495712324,4.87196931918209,4.88970144735844,4.90837180731028,4.92795977534919,4.94844364681607,4.96980064581317,4.99200693642692,5.01503763557201,5.03886682758135,5.06346758065914,5.08881196530572,5.11487107481249,5.14161504791362,5.16901309366848,5.19703351863447,5.22564375637486,5.25481039933031,5.28449923306561,5.314675272886,5.34530280279948,5.37634541678333,5.40776606229522,5.43952708595106,5.47159028127447,5.50391693840568,5.53646789564174,5.56920359266461,5.60208412529989,5.63506930163664,5.66811869932732,5.70119172387795,5.73424766773072,5.76724576993586,5.80014527620562,5.8329054991415,5.86548587842617,5.89784604077354,5.92994585943464,5.96174551306301,5.99320554375073,6.02428691405608,6.05495106285412,6.08515995985436,6.11487615864252,6.1440628481182,6.17268390221541,6.20070392780872,6.22808831072398,6.25480325978919,6.28081584887731,6.30609405690916,6.33060680580044,6.35432399635195,6.37721654209682,6.39925640113199,6.42041660597388,6.44067129148941,6.45999572096354,6.47836631037362,6.49576065094725,6.51215753008705,6.52753695074887,6.54188014936329,6.55516961239076,6.56738909160017,6.57852361815882,6.58855951561741,6.59748441186932,6.60528725015649,6.61195829918678,6.61748916241878,6.62187278656027,6.62510346931591,6.62717686640806,6.62808999788323,6.62784125370378,6.6264303986122,6.62385857624306,6.62012831244458,6.61524351776066,6.60920948901195,6.60203290990418,6.59372185058186,6.58428576603676,6.57373549327269,6.56208324712201,6.54934261460434,6.53552854771443,6.520657354525,6.50474668848985,6.48781553583482,6.4698842009275,6.45097428952212,6.43110868978305,6.41031155099915,6.38860825991181,6.36602541459094,6.342590795807,6.31833333586121,6.29328308485197,6.26747117437173,6.24092977864586,6.21369207314268,6.18579219070176,6.15726517524549,6.12814693315706,6.09847418242514,6.06828439967272,6.03761576520373,6.00650710621624,5.97499783834497,5.94312790570897,5.91093771965137,5.87846809636812,5.84576019363064,5.81285544681383,5.77979550444549,5.74662216349598,5.71337730462796,5.68010282762513,5.64684058721648,5.61363232950787,5.580519629227,5.54754382798013,5.51474597370999,5.48216676153358,5.44984647612741,5.41782493581469,5.38614143849545,5.35483470954623,5.32394285180078,5.29350329770782,5.26355276374604,5.2341272071603,5.20526178506711,5.17699081596152,5.14934774364143,5.12236510355045,5.09607449152506,5.0705065349178,5.04569086605433,5.02165609796933,4.99842980235435,4.97603848963931,4.95450759111942,4.93386144303016,4.91412327246479,4.89531518502243,4.87745815406853,4.86057201148555,4.84467543978813,4.829785965475,4.81591995348945,4.8030926026601,4.7913179419958,4.78060882771135,4.77097694086454,4.76243278549074,4.75498568712707,4.7486437916263,4.74341406416847,4.73930228838816,4.7363130655453,4.73444981367884,4.73371476669437
28,4.47416820404738,4.47456353299793,4.47611793669492,4.47883010117399,4.48269751736944,4.48771647905403,4.49388208045815,4.50118821361914,4.50962756552767,4.5191916151537,4.52987063044956,4.54165366544245,4.55452855754194,4.56848192520072,4.58349916607808,4.59956445586572,4.6166607479437,4.63476977404139,4.65387204608317,4.67394685940167,4.69497229750283,4.71692523856554,4.73978136385611,4.76351516823219,4.78809997290335,4.813507940606,4.83971009333843,4.8666763327879,4.89437546356585,4.92277521934963,4.95184229200968,4.98154236378021,5.01184014250912,5.04269939999976,5.07408301343276,5.10595300983166,5.13827061351108,5.17099629642126,5.20408983127833,5.2375103473455,5.27121638870779,5.30516597486081,5.33931666341413,5.37362561469104,5.40804965799043,5.44254535926182,5.47706908993292,5.51157709661973,5.5460255714423,5.58037072266547,5.6145688453822,5.64857639195908,5.68235004196716,5.71584677132833,5.7490239204167,5.7818392608659,5.81425106084725,5.84621814859958,5.87769997400917,5.90865666805766,5.9390490999764,5.96883893196758,5.99798867137499,6.02646172021069,6.05422242196721,6.08123610566867,6.10746912713758,6.13288890747688,6.1574639687894,6.18116396717767,6.20395972308763,6.2258232490782,6.24672777511593,6.26664777150924,6.28555896961033,6.30343838042389,6.32026431127129,6.33601638066528,6.35067553155516,6.36422404310395,6.376645541159,6.38792500757445,6.39804878853864,6.40700460205204,6.4147815446912,6.42137009778263,6.42676213309591,6.43095091815018,6.43393112121051,6.43569881603199,6.43625148638974,6.4355880304123,6.43370876471479,6.43061542830712,6.42631118623097,6.42080063285857,6.41408979476636,6.40618613307725,6.3970985451476,6.38683736545898,6.37541436556034,6.36284275289404,6.34913716832972,6.33431368222215,6.318389788805,6.30138439873039,6.28331782956508,6.26421179405804,6.24408938600066,6.22297506351087,6.20089462958406,6.17787520976904,6.15394522684434,6.12913437238967,6.10347357516895,6.07699496626443,6.04973184092624,6.02171861712731,5.99299079084043,5.96358488808115,5.93353841378761,5.90288979763525,5.8716783369109,5.83994413659661,5.80772804683764,5.77507159799227,5.74201693348249,5.70860674068344,5.67488418010719,5.64089281315036,5.60667652868809,5.57227946880553,5.53774595396549,5.50312040791429,5.4684472826295,5.43377098361135,5.3991357958154,5.36458581051726,5.3301648533906,5.29591641406796,5.26188357743998,5.22810895693281,5.19463462998548,5.16150207593014,5.12875211645727,5.09642485882622,5.06455964195923,5.03319498553386,5.00236854216516,4.97211705274574,4.94247630498823,4.91348109519158,4.88516519323029,4.85756131074371,4.83070107248171,4.80461499074346,4.77933244282717,4.75488165139177,4.73128966761544,4.70858235702218,4.6867843878345,4.66591922169986,4.64600910662918,4.62707507197836,4.60913692529803,4.59221325087298,4.5763214097706,4.56147754121689,4.54769656512027,4.53499218556585,4.52337689510747,4.51286197969036,4.50345752404487,4.49517241739997,4.48801435937509,4.48198986591985,4.47710427518301,4.47336175320479,4.47076529934038,4.46931675133684,4.46901679000009,4.46986494340446,4.47185959061259,4.47499796488933,4.47927615640921,4.484689114473,4.49123064926442,4.49889343319335,4.50766900188715,4.51754775490576,4.52851895627017,4.54057073490671,4.55369008512173,4.5678628672321,4.58307380848703,4.59930650442507,4.61654342081779,4.63476589635719,4.65395414624838,4.67408726687174,4.69514324167985,4.71709894849392,4.73993016836165,4.76361159613483,4.78811685291831,4.81341850053452,4.83948805813799,4.86629602110307,4.8938118822947,4.92200415581796,4.95084040332566,4.98028726294617,5.01031048087479,5.0408749456527,5.07194472513699,5.10348310614425,5.13545263672918,5.16781517103773,5.20053191665338,5.23356348433415,5.26686994001728,5.3004108589496,5.33414538178285,5.36803227245669,5.40202997767632,5.43609668777865,5.4701903987688,5.50426897529965,5.53829021435969,5.57221190942947,5.60599191486468,5.63958821026332,5.67295896457712,5.70606259973156,5.73885785352606,5.77130384159467,5.80336011821883,5.83498673579656,5.86614430278711,5.89679403996618,5.92689783484382,5.95641829411604,5.98531879403944,6.01356352863839,6.04111755567376,6.06794684032211,6.09401829653397,6.11929982605881,6.14376035514284,6.16736986892327,6.19009944355929,6.21192127615477,6.23280871254197,6.25273627300734,6.27167967605108,6.28961586028091,6.30652300454724,6.32238054643202,6.3371691992065,6.35087096737407,6.36346916091392,6.37494840833804,6.38529466866988,6.39449524244658,6.40253878183876,6.40941529997231,6.41511617952596,6.41963418066595,6.42296344836647,6.42509951914989,6.42603932726646,6.42578121031794,6.42432491431355,6.42167159813202,6.41782383734703,6.41278562735935,6.40656238576384,6.39916095386641,6.39058959725341,6.38085800530453,6.36997728953093,6.35795998061166,6.34482002399539,6.33057277392977,6.31523498577823,6.29882480648383,6.28136176304097,6.26286674884029,6.24336200775737,6.22287111586461,6.20141896065518,6.17903171768061,6.15573682451697,6.13156295199047,6.10653997261026,6.08069892617442,6.05407198253481,6.02669240152635,5.99859449008722,5.96981355661793,5.9403858626478,5.91034857189903,5.87973969685887,5.84859804299009,5.81696315072945,5.78487523544105,5.7523751255084,5.7195041987636,5.68630431746542,5.65281776204917,5.61908716388082,5.585155437255,5.55106571088168,5.51686125910937,5.48258543313371,5.44828159243872,5.41399303671508,5.37976293849413,5.34563427672923,5.31164977154682,5.27785182037925,5.24428243567847,5.21098318439685,5.17799512940577,5.14535877300744,5.11311400267798,5.08130003916306,5.04995538702885,5.01911778775312,4.98882417542285,4.95911063508615,4.93001236378814,4.90156363430241,4.87379776155217,4.84674707169822,4.82044287385458,4.79491543437721,4.77019395365655,4.74630654533107,4.72328021782657,4.70114085811436,4.67991321757138,4.65962089981631,4.64028635038802,4.62193084812652,4.6045744981112,4.58823622600806,4.572933773675,4.55868369587362,4.54550135793668,4.53340093424209,4.52239540734802,4.51249656764826,4.50371501341307,4.49606015108829,4.48954019573385,4.48416217149279,4.47993191199283,4.47685406059432,4.47493207041148,4.47416820404738
29,4.220693675904,4.22108959889001,4.22267042736006,4.22543486491174,4.22938042151708,4.23450341089838,4.24079894731582,4.24826094182286,4.25688209806437,4.26665390771028,4.27756664563601,4.28960936497713,4.30276989220235,4.31703482236341,4.33238951469423,4.34881808874351,4.3663034212354,4.38482714386131,4.40436964221236,4.42491005606623,4.44642628124421,4.46889497325388,4.49229155292996,4.5165902142805,4.54176393473777,4.56778448800257,4.5946224596578,4.62224726571181,4.65062717421407,4.67972933006589,4.70951978312687,4.73996351969408,4.77102449740526,4.80266568359094,4.83484909707249,4.86753585337471,4.90068621329256,4.93425963472334,4.96821482764633,5.00250981210497,5.03710197901911,5.07194815363018,5.1070046613579,5.14222739582592,5.17757188879424,5.21299338171952,5.24844689865016,5.28388732015218,5.31926945795355,5.35454812998968,5.38967823553102,5.42461483007506,5.45931319968932,5.49372893449962,5.52781800102818,5.56153681309926,5.59484230104601,5.62769197896992,5.66004400982482,5.69185726811932,5.72309140005525,5.75370688094478,5.78366506977468,5.81292826081308,5.84145973218133,5.86922379134043,5.89618581746896,5.92231230073591,5.94757087849752,5.97193036847221,5.99536079897113,6.01783343628372,6.03932080933807,6.05979673177358,6.07923632157996,6.09761601846966,6.11491359916212,6.13110819076648,6.14618028245506,6.16011173562255,6.17288579272566,6.1844870849953,6.1949016392068,6.20411688368565,6.21212165371434,6.2189061964921,6.2244621757829,6.22878267636852,6.23186220840298,6.23369671174229,6.23428356030014,6.23362156645529,6.2317109855112,6.22855352018283,6.22415232505969,6.21851201096925,6.21163864914028,6.20353977504239,6.19422439175648,6.18370297271081,6.17198746360001,6.1590912832891,6.14502932349208,6.12981794700594,6.11347498427392,6.09601972804976,6.07747292593477,6.05785677056379,6.03719488722358,6.01551231869774,5.9928355071468,5.96919227284892,5.94461178964703,5.91912455697103,5.89276236832853,5.86555827618544,5.83754655318599,5.80876264969265,5.77924314765726,5.74902571086675,5.71814903163863,5.68665277407322,5.65457751400059,5.62196467579015,5.58885646621946,5.55529580562557,5.52132625658698,5.48699195040661,5.45233751168599,5.41740798129758,5.38224873807629,5.34690541956169,5.31142384213028,5.275849920861,5.24022958947853,5.20460872071646,5.16903304743693,5.13354808483515,5.09819905404548,5.06303080745214,5.02808775599071,4.99341379870795,4.95905225482679,4.92504579854042,4.89143639673578,4.85826524982139,4.82557273580834,4.79339835776674,4.76178069475276,4.73075735627448,4.70036494033791,4.67063899508821,4.64161398403541,4.61332325482941,4.58579901152516,4.55907229025694,4.53317293821958,4.50812959583524,4.48396968196702,4.46071938202479,4.43840363879471,4.41704614581231,4.39666934308872,4.37729441499206,4.35894129007971,4.34162864267371,4.32537389596903,4.31019322646495,4.29610156951113,4.28311262576402,4.27123886835421,4.26049155057269,4.25088071389229,4.24241519615084,4.23510263973377,4.22894949960653,4.22396105106127,4.22014139705636,4.21749347504369,4.21601906319451,4.21571878595194,4.21659211885564,4.21863739260204,4.22185179632166,4.22623138007312,4.23177105657178,4.23846460218875,4.24630465727363,4.25528272587171,4.26538917492273,4.27661323304434,4.28894298901839,4.30236539011211,4.31686624037937,4.33243019909865,4.34904077951499,4.36668034806169,4.38533012424511,4.40497018138134,4.42557944837734,4.44713571275099,4.46961562508468,4.49299470510468,4.51724734957485,4.54234684218657,4.56826536561901,4.59497401593303,4.62244281944994,4.65064075225172,4.6795357624231,4.70909479513783,4.73928382067166,4.77006786540341,4.80141104584299,4.83327660570162,4.86562695599538,4.89842371814779,4.93162777003251,4.96519929487171,4.99909783288075,5.03328233552604,5.06771122223916,5.10234243940861,5.13713352145003,5.1720416537371,5.20702373715849,5.24203645405236,5.27703633525763,5.3119798280124,5.3468233644232,5.38152343022559,5.41603663355545,5.45031977345288,5.48432990782555,5.51802442060623,5.55136108784945,5.58429814252536,5.61679433778404,5.64880900848064,5.68030213077061,5.71123437960543,5.74156718398024,5.7712627798083,5.80028426032003,5.82859562390856,5.85616181936717,5.88294878848766,5.9089235060119,5.93405401695034,5.95830947130307,5.98166015623823,6.00407752580117,6.02553422824406,6.04600413108031,6.06546234398104,6.08388523964085,6.1012504727487,6.1175369972057,6.13272508173476,6.146796324029,6.15973366358401,6.17152139335644,6.18214517038516,6.19159202550413,6.1998503722661,6.20691001518478,6.2127621573901,6.21739940777603,6.22081578770482,6.223006737314,6.22396912145467,6.22370123527081,6.22220280941054,6.21947501484102,6.21552046721986,6.21034323075744,6.2039488214868,6.19634420984115,6.18753782242344,6.17753954283852,6.16636071144614,6.15401412388279,6.14051402819211,6.12587612039762,6.11011753834816,6.09325685366524,6.07531406162315,6.05631056879672,6.03626917831847,6.01521407259599,5.99317079335205,5.9701662188643,5.94622853829715,5.92138722303687,5.89567299496104,5.86911779159455,5.84175472812755,5.81361805629421,5.78474312013567,5.7551663086953,5.72492500571929,5.6940575364602,5.66260311170513,5.63060176917332,5.59809431245022,5.5651222476456,5.53172771798221,5.49795343653915,5.46384261738853,5.42943890537758,5.3947863048186,5.35992910735745,5.32491181929703,5.28977908865516,5.25457563223727,5.21934616300238,5.1841353179965,5.14898758712138,5.11394724299763,5.07905827217064,5.0443643078949,5.00990856471818,4.97573377507102,4.94188212804976,4.90839521056291,4.87531395099171,4.84267856549512,4.81052850706962,4.7789024174527,4.74783808193855,4.71737238715294,4.68754128181404,4.65837974048524,4.62992173030661,4.60220018067201,4.57524695580121,4.54909283013837,4.52376746649231,4.49929939681849,4.47571600552877,4.45304351520214,4.43130697455826,4.41053024854563,4.39073601038759,4.37194573542241,4.35417969656811,4.33745696123859,4.32179538953532,4.30721163353801,4.2937211375184,4.28133813890353,4.27007566981893,4.25994555904743,4.25095843424636,4.24312372427425,4.23644966148801,4.23094328388271,4.22661043695875,4.22345577521446,4.22148276317756,4.220693675904
30,3.97391967760815,3.97431581337937,3.97591847949905,3.97872640296897,3.98273712625698,3.98794700408615,3.99435119933831,4.00194367813348,4.01071720416805,4.02066333241574,4.03177240231605,4.04403353059457,4.05743460387798,4.07196227128446,4.08760193718572,4.10433775435146,4.12215261769921,4.1410281588831,4.16094474196287,4.18188146040012,4.20381613563205,4.22672531747294,4.25058428659125,4.27536705930498,4.3010463949294,4.32759380590019,4.3549795708807,4.38317275104524,4.41214120971039,4.44185163546411,4.47226956891765,4.50335943317842,4.53508456811316,4.56740726844039,4.60028882565953,4.63368957379153,4.66756893887291,4.70188549211188,4.73659700658259,4.77166051730147,4.80703238449867,4.84266835986833,4.87852365555403,4.91455301560059,4.95071078958092,4.98695100808695,5.02322745975735,5.05949376950124,5.09570347756804,5.13181011910671,5.16776730385594,5.20352879560758,5.23904859109031,5.27428099792908,5.30918071134709,5.34370288929198,5.37780322568549,5.41143802151624,5.44456425351818,5.47713964020215,5.50912270503482,5.54047283658774,5.57115034550867,5.60111651819786,5.63033366710301,5.6587651775776,5.6863755512785,5.71313044610939,5.73899671274596,5.76394242780817,5.7879369237714,5.81095081573459,5.83295602518665,5.85392580093387,5.87383473737027,5.89265879028855,5.91037529044301,5.92696295508593,5.94240189770588,5.95667363620031,5.96976109971499,5.98164863438007,5.99232200816582,6.00176841507163,6.00997647884863,6.0169362564404,6.02263924130707,6.02707836677657,6.03024800954271,6.03214399340356,6.03276359330583,6.03210553973171,6.03017002343433,6.02695870049786,6.02247469766676,6.01672261785937,6.00970854575086,6.00144005328293,5.99192620493126,5.98117756253755,5.96920618949154,5.95602565402995,5.9416510314037,5.92609890465352,5.90938736372566,5.89153600265571,5.87256591454841,5.85249968408565,5.83136137730301,5.80917652838752,5.78597212326547,5.76177657976908,5.73661972419413,5.71053276408706,5.68354825712966,5.65570007602096,5.62702336928993,5.59755451800787,5.56733108840591,5.53639178044006,5.50477637238378,5.47252566156443,5.4396814013968,5.40628623490104,5.37238362492592,5.33801778132918,5.30323358539523,5.2680765117963,5.23259254842564,5.19682811445059,5.16082997694921,5.12464516650602,5.08832089215064,5.0519044560278,5.01544316818739,4.97898426188042,4.94257480973996,4.90626164121565,4.870091261617,4.83410977310402,4.79836279794419,4.76289540433275,4.72775203504903,4.69297643919547,4.65861160723789,4.62469970953685,4.59128203852968,4.55839895469228,4.526089836379,4.49439303360797,4.46334582582871,4.43298438367941,4.40334373471164,4.3744577330331,4.34635903279211,4.31907906540265,4.29264802038576,4.2670948296816,4.24244715526691,4.21873137989583,4.19597260076629,4.17419462590193,4.1534199730281,4.13366987071283,4.1149642615371,4.09732180705473,4.08075989430104,4.06529464360922,4.05094091749644,4.03771233038591,4.02562125893778,4.01467885276989,4.00489504535964,3.99627856492963,3.98883694513288,3.98257653536821,3.97750251057157,3.97361888034641,3.97092849731373,3.96943306458102,3.96913314224878,3.97002815289298,3.97211638598205,3.97539500120763,3.97986003072864,3.98550638034893,3.99232782966908,4.00031703127276,4.00946550902799,4.0197636556019,4.03120072930637,4.04376485040869,4.05744299705785,4.0722210009917,4.0880835432043,4.10501414976457,4.12299518798824,4.14200786317366,4.16203221611935,4.183047121646,4.2050302883487,4.22795825980595,4.2518064174706,4.27654898546397,4.30215903748847,4.32860850606533,4.35586819429304,4.38390779030897,4.41269588462078,4.44219999045618,4.47238656725985,4.50322104744369,4.53466786647314,4.56669049634627,4.59925148249571,4.63231248411524,4.66583431788413,4.69977700503282,4.73409982166423,4.76876135221568,4.80371954591775,4.83893177607884,4.87435490199777,4.90994533328232,4.94565909632895,4.98145190269866,5.01727921910673,5.05309633872901,5.08885845351622,5.12452072719932,5.16003836866409,5.19536670537171,5.23046125650401,5.26527780551761,5.29977247179993,5.33390178113174,5.36762273467621,5.40089287623183,5.43367035750687,5.46591400119549,5.49758336165976,5.52863878304781,5.55904145470522,5.58875346376469,5.61773784482703,5.64595862667521,5.67338087599076,5.69997073806984,5.72569547456201,5.75052349828056,5.77442440515647,5.79736900343,5.81932934019376,5.84027872541838,5.86019175360713,5.87904432323839,5.89681365416461,5.91347830314343,5.92901817768112,5.94341454836993,5.95665005989931,5.96870874091759,5.97957601291327,5.98923869827646,5.99768502768882,6.00490464697689,6.01088862354747,6.01562945250589,6.01912106253897,6.0213588216232,6.02233954259728,6.02206148861565,6.02052437847609,6.01772939179216,6.01367917395751,6.00837784082713,6.00183098301901,5.99404566971898,5.98503045185283,5.97479536447263,5.9633519281889,5.95071314946767,5.93689351960094,5.92190901215192,5.90577707867115,5.88851664247851,5.87014809030698,5.8506932616089,5.83017543533269,5.80861931398881,5.7860510048371,5.7624979980439,5.73798914167632,5.71255461342204,5.68622588894668,5.65903570682524,5.63101803001162,5.6022080038369,5.57264191055652,5.54235712049466,5.51139203986362,5.47978605536411,5.44757947570081,5.41481347017396,5.38153000453356,5.34777177430638,5.31358213582805,5.2790050352319,5.24408493566355,5.20886674300512,5.17339573040436,5.13771746191345,5.10187771554819,5.06592240608168,5.02989750788689,4.99384897813993,4.95782268069092,4.92186431090117,4.88601932173522,4.85033285138366,4.81484965267779,4.77961402454054,4.74466974569971,4.7100600108698,4.67582736958758,4.6420136678645,4.60865999279643,4.57580662024758,4.54349296570216,4.51175753835347,4.48063789847651,4.45017061810699,4.42039124502682,4.39133427003392,4.36303309745289,4.33552001882272,4.30882618967817,4.28298160932332,4.25801510347901,4.23395430966988,4.21082566520301,4.18865439757716,4.16746451715056,4.14727881188585,4.12811884398272,4.11000494820279,4.09295623168664,4.07699057506064,4.06212463462967,4.04837384545339,4.03575242510582,4.02427337792251,4.01394849954599,4.00478838158752,3.99680241623315,3.98999880063296,3.98438454092493,3.97996545575945,3.97674617920528,3.97473016293537,3.97391967760815
31,3.73439320779457,3.73478930507353,3.73640931555144,3.7392519948875,3.7433149308483,3.7485945394915,3.75508606013793,3.76278354919864,3.7716798729483,3.78176669936022,3.79303448914213,3.80547248613418,3.81906870725239,3.83380993218089,3.84968169303494,3.86666826423318,3.88475265283257,3.90391658959156,3.92414052103689,3.9454036028166,3.96768369462598,3.99095735699426,4.01519985021811,4.04038513572224,4.06648588011932,4.09347346222898,4.12131798330055,4.14998828066566,4.17945194502474,4.2096753415471,4.24062363493628,4.27226081858259,4.30454974789216,4.33745217784769,4.37092880482025,4.40493931261478,4.43944242269412,4.47439594848917,4.5097568536649,4.54548131417575,4.58152478390831,4.61784206367572,4.65438737329665,4.69111442646293,4.72797650807384,4.76492655369251,4.80191723076061,4.8389010211924,4.87583030495752,4.91265744425489,4.94933486787663,4.98581515536184,5.02205112054525,5.05799589411423,5.09360300480083,5.12882645885121,5.16362081743496,5.19794127167918,5.23174371503773,5.26498481273404,5.29762206804591,5.32961388523266,5.36091962893801,5.39149967993688,5.42131548712865,5.45032961571558,5.47850579153949,5.50580894158554,5.53220523069539,5.55766209456545,5.58214826913711,5.60563381651588,5.62809014758349,5.64949004149257,5.66980766225555,5.6890185726589,5.70709974574991,5.72402957415582,5.73978787750402,5.75435590821724,5.76771635595868,5.77985335099964,5.79075246677488,5.80040072188085,5.80878658175693,5.81589996027169,5.82173222141439,5.82627618126701,5.82952611040399,5.83147773683644,5.83212824958489,5.83147630293026,5.82952202135728,5.82626700516795,5.82171433670671,5.81586858710241,5.80873582339751,5.80032361590099,5.79064104557015,5.77969871119726,5.76750873615113,5.75408477440107,5.73944201553214,5.72359718844583,5.70656856343065,5.68837595228138,5.66904070614549,5.64858571077914,5.62703537890484,5.60441563937624,5.58075392287438,5.55607914388266,5.53042167871449,5.50381333939858,5.47628734326077,5.44787827807824,5.41862206272102,5.38855590323717,5.35771824437977,5.32614871661773,5.29388807871469,5.26097815600371,5.227461774527,5.19338269124978,5.15878552059618,5.12371565758994,5.08821919791612,5.05234285524859,5.01613387621456,4.97963995338841,4.94290913672522,4.90598974385749,4.86893026968742,4.83177929571187,4.79458539951673,4.75739706487391,4.72026259286514,4.68323001444477,4.6463470048376,4.60966080014808,4.57321811653452,4.53706507227631,4.5012471130341,4.46580894057254,4.43079444518349,4.39624664201407,4.36220761146982,4.32871844382846,4.2958191881647,4.26354880565155,4.23194512726951,4.20104481592132,4.17088333291727,4.14149490876551,4.11291251817168,4.08516785912513,4.05829133592278,4.03231204595851,4.00725777008467,3.98315496633325,3.96002876676807,3.93790297722543,3.91680007968906,3.89674123703674,3.87774629988938,3.85983381528975,3.84302103693646,3.82732393670019,3.81275721715213,3.79933432484032,3.78706746405739,3.77596761085255,3.76604452705271,3.75730677407036,3.74976172629141,3.74341558385223,3.73827338463302,3.73433901531369,3.73161522135846,3.73010361581623,3.72980468684542,3.73071780389443,3.7328412224911,3.73617208761806,3.7407064356732,3.74643919503814,3.75336418529981,3.76147411519311,3.77076057935414,3.78121405399515,3.79282389163241,3.80557831501808,3.81946441044521,3.83446812061228,3.85057423724951,3.867766393723,3.88602705784567,3.90533752513415,3.92567791275977,3.94702715444794,3.96936299658487,3.99266199579204,4.01689951822854,4.04204974087797,4.0680856550708,4.09497907248465,4.12270063385327,4.15121982060117,4.18050496960397,4.21052329125489,4.24124089099584,4.27262279444707,4.30463297624242,4.3372343926487,4.37038901801683,4.40405788508072,4.43820112908646,4.47277803570069,4.50774709261273,4.5430660447111,4.57869195268114,4.61458125483815,4.65068983197912,4.68697307500672,4.72338595505229,4.75988309580003,4.79641884769332,4.83294736368605,4.86942267618743,4.90579877483809,4.94202968474888,4.97806954483119,5.01387268584899,5.04939370782889,5.08458755647397,5.1194095982404,5.1538156937535,5.18776226925978,5.2212063858355,5.25410580609795,5.28641905819458,5.31810549687521,5.34912536148421,5.37943983074296,5.40901107422536,5.43780230046369,5.46577780165448,5.49290299496716,5.51914446048914,5.54446997587137,5.56884854776596,5.59225044017367,5.61464719984254,5.63601167887951,5.65631805475506,5.67554184789557,5.69365993707002,5.71065057278587,5.7264933889141,5.74116941276538,5.75466107383747,5.76695221144927,5.77802808146911,5.78787536233343,5.79648216053858,5.8038380157714,5.80993390582554,5.81476225142888,5.81831692108458,5.82059323600297,5.82158797517598,5.82129938061814,5.81972716277121,5.816872506041,5.81273807440809,5.8073280170265,5.80064797369878,5.79270508009112,5.78350797252927,5.77306679219524,5.7613931885262,5.74850032160177,5.73440286329269,5.71911699693489,5.70266041528673,5.68505231652478,5.66631339803482,5.6464658477594,5.62553333287198,5.60354098555981,5.58051538571307,5.55648454033698,5.53147785952516,5.50552612885732,5.47866147811165,5.45091734621117,5.4223284423544,5.39293070331313,5.36276124691272,5.33185832174424,5.30026125319137,5.26801038588743,5.23514702275106,5.20171336077904,5.16775242380479,5.13330799245767,5.09842453158363,5.0631471154097,5.02752135075443,4.99159329860268,4.95540939437636,4.91901636724268,4.88246115880798,4.84579084154842,4.80905253732872,4.77229333635675,4.73556021691533,4.69889996620328,4.66235910260531,4.62598379969578,4.58981981226414,4.55391240463049,4.51830628149903,4.48304552157388,4.44817351413858,4.41373289877486,4.37976550837108,4.34631231554412,4.31341338257222,4.28110781490959,4.24943371832723,4.21842815969851,4.18812713142278,4.15856551945539,4.129777074889,4.10179438900855,4.07464887172045,4.04837073323672,4.02298896887591,3.99853134682555,3.97502439869491,3.95249341267323,3.93096242909595,3.91045423821115,3.89099037992961,3.87259114533516,3.85527557972697,3.83906148696254,3.82396543486903,3.81000276149162,3.79718758195037,3.78553279568212,3.77505009385065,3.76574996671706,3.75764171077321,3.75073343545317,3.74503206925219,3.74054336509825,3.73727190483898,3.73522110272544,3.73439320779457
32,3.5025812295528,3.5029771461716,3.50461012047182,3.50747894146007,3.51158125429873,3.5169135558686,3.52347118876621,3.53124833380776,3.54023800113932,3.55043202008068,3.56182102785638,3.57439445739388,3.58814052439275,3.60304621389248,3.61909726658735,3.63627816515646,3.654572120894,3.67396106093936,3.69442561641828,3.71594511181535,3.7384975559033,3.76205963455685,3.7866067057774,3.81211279724978,3.83855060674326,3.86589150565652,3.89410554598965,3.92316147100604,3.95302672982337,3.98366749614518,4.01504869131455,4.04713401183726,4.07988596148624,4.11326588806048,4.14723402483143,4.1817495366686,4.21677057079368,4.25225431206984,4.28815704269086,4.3244342060929,4.36104047487195,4.39792982245134,4.43505559820848,4.47237060573642,4.50982718388657,4.54737729021302,4.58497258641648,4.6225645253687,4.66010443928456,4.69754362860046,4.7348334511135,4.77192541093652,4.80877124682898,4.84532301947332,4.88153319728008,4.9173547403227,4.95274118202463,4.98764670824612,5.02202623344643,5.05583547362776,5.08903101580089,5.12157038374765,5.15341209989256,5.18451574313423,5.21484200252648,5.24435272673863,5.27301096926458,5.30078102938945,5.32762848896149,5.3535202450548,5.37842453864434,5.4023109794491,5.42515056713146,5.44691570906991,5.46758023494893,5.4871194084327,5.50550993620893,5.52272997470436,5.53875913478515,5.55357848476188,5.5671705520219,5.57951932360899,5.59061024606394,5.60043022482774,5.60896762349318,5.6162122631701,5.62215542220476,5.62678983646511,5.63010970037167,5.63211066881808,5.63278986008772,5.63214585983223,5.63017872613634,5.62688999565052,5.62228269073007,5.61636132747661,5.60913192453629,5.60060201246908,5.59078064346586,5.57967840115547,5.56730741021248,5.55368134544943,5.5388154400549,5.52272649262046,5.50543287258782,5.48695452374016,5.4673129653601,5.44653129068187,5.42463416227464,5.40164780401027,5.3775999892896,5.3525200252279,5.32643873253096,5.29938842082922,5.27140285927602,5.24251724225932,5.21276815012122,5.18219350482732,5.15083252057649,5.11872564939186,5.08591452178307,5.05244188261914,5.01835152239949,4.98368820415623,4.94849758626501,4.91282614148181,4.87672107256073,4.84023022484057,4.80340199621725,4.76628524494348,4.72892919571649,4.69138334452929,4.65369736277037,4.61592100106143,4.57810399332167,4.54029596154206,4.50254632174263,4.46490419157088,4.42741829998066,4.39013689940785,4.35310768083271,4.31637769208931,4.27999325975012,4.24399991487918,4.2084423229109,4.17336421787379,4.13880834113959,4.10481638483876,4.07142894004428,4.03868544978619,4.00662416692107,3.97528211684323,3.94469506498808,3.91489748904383,3.88592255575519,3.85780210217191,3.83056662116718,3.80424525102505,3.77886576887274,3.75445458771368,3.73103675679913,3.70863596506139,3.68727454731987,3.66697349296182,3.64775245679323,3.62962977175187,3.61262246317336,3.59674626430311,3.5820156327509,3.56844376759187,3.55604262682641,3.54482294492286,3.5347942501799,3.52596488166093,3.51834200546954,3.51193163015354,3.5067386210453,3.50276671336718,3.5000185239532,3.49849556146164,3.49819823497699,3.49912586092486,3.50127666824808,3.50464780181816,3.50923532408139,3.51503421496468,3.52203837009118,3.53024059738087,3.53963261213555,3.5502050307312,3.56194736306373,3.57484800391568,3.58889422343229,3.60407215691454,3.62036679415469,3.63776196855622,3.6562403462942,3.67578341578498,3.69637147774437,3.71798363612157,3.74059779020193,3.76419062817488,3.78873762246358,3.81421302711075,3.84058987750971,3.86783999276116,3.89593398092514,3.92484124742246,3.95453000682266,3.98496729823426,4.01611900448934,4.04794987528767,4.08042355443597,4.11350261128586,4.14714857643986,4.1813219817584,4.21598240466354,4.25108851669581,4.2865981362417,4.32246828530938,4.35865525019148,4.39511464581512,4.43180148354307,4.46867024215474,4.50567494170368,4.54276921991884,4.579906410791,4.61703962496376,4.65412183153078,4.69110594082706,4.72794488779408,4.76459171549401,4.80099965834947,4.8371222246912,4.87291327820612,4.90832711789385,4.94331855615879,4.97784299468848,5.01185649779633,5.04531586293651,5.07817868813271,5.11040343609741,5.14194949485575,5.17277723472653,5.20284806155227,5.23212446610932,5.26057006966859,5.28814966571541,5.31482925787422,5.34057609411909,5.36535869738392,5.38914689271715,5.41191183115332,5.43362601049833,5.45426329324675,5.47379892186678,5.49220953170254,5.50947316175334,5.5255692635954,5.54047870871397,5.55418379451162,5.56666824925298,5.5779172361967,5.58791735715229,5.59665665568314,5.60412462015726,5.61031218682462,5.61521174307486,5.61881713100158,5.62112365136978,5.62212806805225,5.62182861296832,5.62022499152567,5.61731838853278,5.61311147451652,5.60760841234755,5.6008148640446,5.59273799759973,5.58338649363885,5.57277055170707,5.56090189594619,5.54779377991277,5.53346099027004,5.51791984907511,5.50118821437573,5.48328547882743,5.46423256604288,5.44405192439073,5.42276751797087,5.40040481450696,5.37699076991498,5.35255380932855,5.32712380438697,5.30073204662061,5.27341121679997,5.24519535014811,5.21611979735265,5.18622118135028,5.15553734989528,5.12410732396215,5.09197124207128,5.05917030066401,5.02574669069119,4.99174353061395,4.9572047960491,4.9221752463225,4.88670034822172,4.8508261972645,4.81459943682114,4.77806717544736,4.74127690279811,4.7042764045042,4.66711367639969,4.62983683849158,4.59249404906222,4.55513341929055,4.51780292877029,4.48055034229218,4.44342312824266,4.40646837895448,4.36973273332504,4.33326230199586,4.29710259536318,4.2612984546633,4.22589398634995,4.19093249995237,4.15645644957407,4.12250737916311,4.08912587165474,4.05635150205825,4.02422279453016,3.99277718344756,3.96205097846705,3.93207933352791,3.90289621973166,3.8745344020056,3.84702541943407,3.82039956911928,3.79468589341261,3.76991217033877,3.74610490701749,3.72328933587247,3.70148941340324,3.68072782128458,3.66102596954784,3.64240400159161,3.62488080076313,3.6084739982489,3.59319998201151,3.57907390651083,3.56610970295088,3.55432008979899,3.54371658333155,3.5343095079702,3.52610800618442,3.51912004774984,3.51335243816812,3.50881082607123,3.5054997094531,3.50342244059239,3.5025812295528
33,3.27887284975214,3.2792685289155,3.28091021285862,3.28379672811445,3.28792578861384,3.29329399061351,3.29989680567863,3.30772857179737,3.31678248273612,3.32705057577432,3.33852371798852,3.35119159128365,3.36504267639791,3.38006423613329,3.39624229808849,3.41356163719275,3.432005758359,3.45155687959144,3.47219591589657,3.49390246435719,3.51665479073577,3.54042981797701,3.5652031169784,3.59094889999301,3.61764001701945,3.64524795552074,3.67374284379634,3.70309345830943,3.73326723524586,3.76423028655124,3.79594742065891,3.82838216808457,3.86149681202348,3.89525242404326,3.92960890492064,3.96452503062448,3.99995850339946,4.03586600785789,4.07220327193878,4.10892513254741,4.14598560564301,4.1833379604991,4.22093479782105,4.25872813136764,4.29666947269012,4.33470991857298,4.37280024073529,4.41089097733144,4.44893252577473,4.48687523639707,4.52466950645277,4.56226587397465,4.59961511099563,4.63666831565876,4.67337700275369,4.70969319223635,4.74556949531193,4.78095919768864,4.81581633964003,4.85009579254771,4.88375333163276,4.91674570462285,4.94903069614347,4.98056718766337,5.0113152128686,5.04123600838328,5.07029205980007,5.09844714302769,5.12566636100657,5.15191617588672,5.17716443680311,5.20138040342326,5.22453476547931,5.24659965853023,5.26754867623196,5.28735687941993,5.30600080233228,5.32345845632095,5.33970933141221,5.35473439608748,5.36851609565972,5.38103834961889,5.39228654831399,5.40224754932643,5.41090967387239,5.4182627035486,5.42429787770842,5.42900789172235,5.43238689634027,5.43443049833183,5.43513576253775,5.43450121541743,5.43252685013058,5.42921413313954,5.4245660122695,5.41858692611302,5.41128281461664,5.40266113063986,5.39273085223245,5.38150249533484,5.36898812656911,5.35520137575601,5.34015744776608,5.32387313329161,5.30636681811121,5.28765849040959,5.26776974571347,5.24672378900857,5.2245454336145,5.20126109641158,5.17689878903839,5.15148810470839,5.12506020033029,5.09764777365719,5.06928503523489,5.04000767496917,5.00985282318351,4.97885900609377,4.94706609568228,4.91451525401084,4.88124887206911,4.84731050331112,4.81274479208736,4.77759739723224,4.74191491111648,4.70574477451988,4.6691351877218,4.63213501824417,4.5947937057141,4.55716116434027,4.51928768351879,4.48122382709999,4.44302033185745,4.40472800570499,4.36639762620561,4.32807983990928,4.28982506304413,4.25168338406797,4.21370446856486,4.17593746694505,4.13843092537576,4.10123270033696,4.06438987715892,4.02794869285926,3.99195446355608,3.95645151669074,3.92148312825058,3.88709146513751,3.85331753278464,3.8202011280791,3.78778079760695,3.75609380119415,3.725176080678,3.69506223380534,3.6657854931181,3.63737770965331,3.60986934125417,3.58328944526067,3.5576656753234,3.53302428206196,3.50939011727094,3.48678664136016,3.46523593370363,3.44475870556202,3.42537431523711,3.40710078511322,3.3899548202404,3.37395182811645,3.35910593933015,3.34543002873614,3.33293573684191,3.32163349110064,3.31153252681814,3.30264090739969,3.29496554368119,3.28851221210991,3.28328557156248,3.27928917861099,3.27652550107349,3.27499592971034,3.27470078795507,3.27563933959514,3.27780979434611,3.28120931129057,3.28583400018102,3.29167892063436,3.29873807927291,3.30700442489454,3.31646984178108,3.32712514128039,3.3389600518223,3.35196320755325,3.36612213579674,3.38142324356888,3.39785180339799,3.41539193871563,3.43402660910329,3.45373759569298,3.4745054870329,3.49630966573888,3.51912829626005,3.54293831409173,3.56771541677053,3.59343405698526,3.62006743813295,3.64758751264129,3.67596498336785,3.70516930837113,3.73516870933067,3.76593018387087,3.79741952201813,3.82960132699144,3.86243904049485,3.89589497264429,3.92993033662374,3.9645052881249,3.99957896958199,4.03510955916962,4.07105432448637,4.10736968080135,4.14401125369578,4.18093394588723,4.21809200798091,4.25543911285162,4.29292843332173,4.33051272276544,4.36814439823862,4.40577562570665,4.44335840692094,4.48084466747755,4.51818634558048,4.55533548102607,4.59224430392501,4.62886532268401,4.66515141078084,4.70105589188252,4.73653262287899,4.77153607443084,4.80602140866106,4.83994455365551,4.87326227447547,4.90593224042649,4.93791308837148,4.96916448192051,4.9996471663759,5.0293230193572,5.05815509707644,5.08610767627913,5.11314629190953,5.13923777060052,5.16435026012702,5.18845325499789,5.21151761839402,5.2335156006889,5.25442085481327,5.27420844874578,5.29285487542827,5.31033806041562,5.32663736757762,5.34173360317268,5.3556090186109,5.36824731221776,5.37963363029813,5.38975456778532,5.39859816874035,5.40615392694351,5.41241278679368,5.41736714470124,5.42101085112778,5.42333921339127,5.42434899931871,5.42403844179015,5.42240724417951,5.41945658665816,5.41518913328853,5.40960903979687,5.40272196187733,5.39453506384476,5.38505702742094,5.37429806040937,5.36226990498727,5.34898584532125,5.33446071419422,5.31871089831784,5.3017543419952,5.28361054879446,5.26430058089509,5.24384705577423,5.22227413991168,5.19960753920837,5.17587448583337,5.15110372124022,5.12532547512262,5.09857144011232,5.07087474205912,5.04226990577134,5.01279281613703,4.98248067458898,4.95137195092063,4.91950633050443,4.88692465700857,4.85366887075118,4.81978194287352,4.78530780555339,4.75029127851823,4.7147779921517,4.67881430751958,4.64244723366838,4.60572434257436,4.56869368214052,4.53140368765461,4.49390309213286,4.45624083598064,4.4184659764043,4.38062759700637,4.34277471799078,4.30495620739516,4.26722069375386,4.22961648057851,4.19219146302343,4.15499304708041,4.11806807162226,4.08146273358769,4.04522251657095,4.00939212304946,3.97401541045126,3.93913533123204,3.90479387709903,3.87103202748613,3.83788970235232,3.80540571934313,3.7736177553234,3.74256231225875,3.71227468739349,3.68278894764416,3.65413790810064,3.62635311450083,3.59946482952082,3.5735020227,3.5484923637996,3.52446221937436,3.5014366523202,3.47943942414565,3.45849299970216,3.43861855409775,3.41983598150993,3.40216390560792,3.38561969129031,3.37021945744275,3.35597809042167,3.34290925797302,3.33102542330116,3.32033785901134,3.31085666065973,3.30259075965808,3.29554793529568,3.28973482565841,3.28515693724476,3.28181865310009,3.27972323931418,3.27887284975214
34,3.06358212401589,3.06397756870886,3.06562384343944,3.06851981600903,3.07266327977537,3.07805094793233,3.08467844543994,3.09254029868744,3.10162992300708,3.11193960819017,3.12346050219095,3.13618259323571,3.15009469058622,3.16518440423539,3.18143812384088,3.19884099722699,3.21737690880787,3.23702845830404,3.25777694014051,3.27960232392703,3.30248323642966,3.32639694544719,3.35131934600596,3.37722494928233,3.40408687465252,3.43187684525621,3.46056518744099,3.49012083443166,3.52051133454032,3.55170286420044,3.58366024607138,3.61634697241953,3.64972523393757,3.68375595411689,3.71839882923813,3.7536123739939,3.78935397270471,3.82557993603643,3.86224556307442,3.89930520855754,3.93671235502481,3.97441968957935,4.01237918492889,4.05054218432073,4.08885948995103,4.12728145439548,4.16575807458011,4.20423908778812,4.24267406918102,4.28101253030064,4.31920401801212,4.35719821334759,4.39494502971499,4.43239470994682,4.46949792167902,4.50620585057056,4.54247029089908,4.57824373309706,4.61347944782621,4.6481315662239,4.68215515599542,4.71550629306794,4.74814212856673,4.78002095092068,4.81110224295209,4.84134673385456,4.87071644601245,4.89917473666492,4.9266863344668,4.953217371047,4.97873540771223,5.003209457489,5.02661000273968,5.04890900862843,5.07007993274932,5.09009773126152,5.10893886190473,5.12658128429127,5.14300445788951,5.15818933812533,5.17211837103518,5.18477548690421,5.19614609331692,5.20621706803532,5.21497675210055,5.22241494352887,5.22852289194163,5.23329329443217,5.23672029293048,5.23879947327984,5.23952786618894,5.23890395016901,5.23692765650899,5.23360037628397,5.22892496933268,5.22290577508193,5.21554862503793,5.20686085670913,5.19685132867291,5.18553043645001,5.17291012880662,5.15900392406568,5.14382692597718,5.12739583867109,5.10972898019881,5.09084629415782,5.07076935889134,5.04952139375942,5.02712726199058,5.00361346964312,4.97900816023294,4.95334110461904,4.92664368577903,4.89894887815357,4.87029122129064,4.84070678757693,4.81023314390329,4.77890930717381,4.74677569363218,4.71387406204415,4.68024745083977,4.64594010938301,4.61099742359868,4.57546583624552,4.53939276218073,4.50282649901268,4.4658161335856,4.42841144478184,4.3906628031629,4.35262106800066,4.31433748227311,4.27586356621627,4.23725101003388,4.19855156637033,4.15981694314954,4.12109869737337,4.08244813045835,4.04391618566886,4.00555334817883,3.9674095482639,3.92953406809073,3.89197545253165,3.85478142439133,3.8179988043875,3.78167343618146,3.74585011670639,3.71057253199267,3.67588319864018,3.64182341103897,3.60843319439106,3.57575126353922,3.54381498756281,3.51266036005703,3.48232197497034,3.45283300783597,3.42422520219692,3.39652886099085,3.36977284263081,3.3439845614913,3.31918999248518,3.29541367939723,3.27267874662335,3.25100691395131,3.23041851400918,3.21093251200115,3.19256652734768,3.17533685684674,3.15925849897666,3.14434517896697,3.13060937427332,3.11806234010407,3.1067141346609,3.09657364377265,3.08764860462059,3.07994562827469,3.07347022078325,3.06822680258306,3.06421872602321,3.06144829082328,3.05991675731458,3.0596243573428,3.06057030274004,3.06275279130449,3.06616901025667,3.07081513717171,3.07668633841779,3.08377676516072,3.09207954702488,3.10158678352952,3.11228953344783,3.12417780226392,3.13724052792884,3.15146556514205,3.16683966840874,3.18334847414525,3.20097648212561,3.21970703658103,3.23952230728033,3.26040327093436,3.28232969327891,3.30528011220024,3.32923182227397,3.35416086109124,3.38004199774659,3.40684872385877,3.43455324748846,3.46312649030673,3.49253808835297,3.52275639670258,3.55374849834187,3.58548021752071,3.61791613782255,3.65101962515678,3.68475285583955,3.71907684988775,3.75395150960557,3.78933566349576,3.82518711547802,3.86146269934601,3.89811833834263,3.93510910968102,3.97238931378755,4.00991254799298,4.04763178434987,4.08549945120951,4.12346751815008,4.16148758381055,4.19951096615244,4.23748879464512,4.27537210384895,4.31311192785617,4.3506593950413,4.3879658225713,4.42498281013108,4.46166233233183,4.49795682928782,4.53381929487208,4.56920336219109,4.60406338585459,4.6383545206562,4.67203279632501,4.70505518805583,4.73737968257562,4.76896533955638,4.79977234823723,4.82976207917277,4.8588971310778,4.88714137279096,4.91445998043036,4.94081946986294,4.96618772465423,4.99053401970751,5.01382904083958,5.0360449005737,5.05715515045985,5.07713479025646,5.09596027432691,5.11360951561785,5.13006188759479,5.14529822451338,5.15930082040228,5.17205342712599,5.18354125188271,5.19375095447476,5.20267064466644,5.21028987991679,5.21659966374425,5.22159244494493,5.22526211784848,5.22760402375506,5.22861495365353,5.22829315227721,5.22663832350744,5.22365163708964,5.21933573658077,5.21369474840246,5.20673429183046,5.19846148971031,5.18888497965072,5.17801492541094,5.16586302816774,5.15244253732069,5.13776826047279,5.12185657220714,5.10472542126919,5.08639433575913,5.06688442593967,5.04621838427125,5.02442048229939,5.00151656403716,4.97753403550993,4.95250185015853,4.92645048983101,4.8994119411313,4.87141966693533,4.84250857292992,4.81271496907778,4.78207652596089,4.75063222600556,4.71842230964259,4.68548821650701,4.65187252183099,4.61761886823099,4.58277189313611,4.54737715214631,4.51148103864879,4.47513070005561,4.43837395105645,4.4012591843073,4.3638352789968,4.32615150774925,4.2882574423348,4.25020285866425,4.21203764154784,4.17381168969467,4.13557482142184,4.09737668153112,4.05926664979494,4.02129375147448,3.98350657026955,3.94595316407475,3.90868098388774,3.87173679618524,3.83516660905005,3.79901560229869,3.76332806182441,3.72814731833517,3.6935156906299,3.65947443352089,3.62606369047425,3.59332245100534,3.56128851283135,3.52999844875026,3.49948757818225,3.46978994327923,3.44093828947811,3.41296405034551,3.38589733653515,3.35976692865472,3.33460027381627,3.31042348562361,3.28726134733155,3.26513731789561,3.24407354061655,3.22409085407256,3.20520880502232,3.18744566295559,3.17081843596363,3.15534288759992,3.14103355440291,3.12790376375597,3.11596565176625,3.10523018085299,3.09570715674791,3.0874052446242,3.08033198408808,3.07449380278576,3.06989602840081,3.06654289884076,3.06443757043769,3.06358212401589
35,2.85695139397718,2.85734664056172,2.8589935276726,2.86189096777638,2.86603684363515,2.87142800192386,2.87806024407077,2.88592831440983,2.89502588577174,2.90534554267864,2.91687876234419,2.92961589371685,2.94354613483858,2.95865750882402,2.97493683879533,2.99236972213639,3.0109405044547,3.03063225366138,3.05142673459811,3.07330438465397,3.0962442908257,3.12022416868016,3.14522034367933,3.17120773532339,3.19815984455896,3.22604874488471,3.25484507756692,3.28451805135253,3.31503544703713,3.34636362720975,3.37846755145686,3.41131079726315,3.44485558679877,3.47906281973074,3.51389211214205,3.54930184158506,3.58524919823792,3.62169024207417,3.65857996589673,3.69587236403048,3.73352050641108,3.77147661775488,3.80969216144419,3.84811792771602,3.88670412570069,3.92540047881954,3.96415632301991,4.00292070729949,4.04164249595272,4.08027047195799,4.11875344091705,4.15704033495671,4.19508031600729,4.23282287788294,4.27021794660475,4.30721597842892,4.34376805506846,4.37982597562766,4.41534234480384,4.45027065694947,4.48456537563056,4.51818200836243,4.55107717625223,4.58320867832786,4.6145355503856,4.64501811824176,4.6746180453289,4.70329837463183,4.73102356501379,4.7577595220377,4.78347362344063,4.80813473947133,4.83171324835007,4.85418104715634,4.87551155849285,4.89567973331301,4.91466205033287,4.93243651247708,4.948982640831,4.96428146658721,4.97831552148429,4.99106882723764,5.00252688445726,5.01267666153475,5.02150658396138,5.02900652451215,5.0351677946955,5.03998313782742,5.04344672404097,5.04555414748893,5.04630242593928,5.04569000290116,5.04371675235363,5.04038398608249,5.0356944635618,5.02965240424904,5.02226350209534,5.01353494200792,5.00347541794058,4.99209515223103,4.97940591575285,4.96542104840455,4.95015547942047,4.93362574695786,4.91585001639295,4.89684809674553,4.87664145464756,4.85525322527609,4.83270821968536,4.80903292799501,4.7842555179235,4.75840582819468,4.7315153563927,4.70361724089342,4.67474623656051,4.64493868395799,4.61423247189988,4.58266699322839,4.55028309378527,4.51712301461499,4.48323032751164,4.44864986409438,4.4134276386656,4.37761076517345,4.34124736866251,4.30438649165485,4.26707799595537,4.22937246042212,4.19132107528109,4.1529755335982,4.11438792054584,4.07561060111942,4.03669610696978,3.99769702302013,3.95866587453201,3.91965501527359,3.88071651742568,3.84190206383682,3.80326284320901,3.7648494487607,3.72671178087393,3.688898954189,3.65145920956315,3.61443983125964,3.57788706968242,3.54184606991767,3.50636080629004,3.47147402308653,3.43722718154765,3.40366041317175,3.37081247932715,3.33872073711665,3.30742111139121,3.27694807276447,3.24733462143753,3.21861227660419,3.19081107117101,3.16395955149408,3.13808478180598,3.11321235298101,3.08936639526574,3.06656959458453,3.04484321201586,3.0242071060254,3.00467975703568,2.98627829390938,2.96901852192425,2.95291495182193,2.93798082952054,2.92422816609122,2.91166776761286,2.90030926453509,2.89016114019886,2.88123075818497,2.87352438818463,2.86704723011121,2.86180343619992,2.85779613087033,2.85502742815716,2.85349844654545,2.85320932107815,2.85415921263692,2.85634631432972,2.85976785495173,2.86442009951993,2.87029834691374,2.87739692468778,2.88570918115405,2.89522747486279,2.90594316164181,2.91784657938346,2.93092703079732,2.94517276437362,2.96057095382847,2.9771076763263,2.9947678897975,3.01353540969012,3.03339288551331,3.0543217775466,3.07630233410333,3.09931356974808,3.12333324487645,3.14833784707093,3.17430257464873,3.2012013228158,3.22900667283567,3.25768988461223,3.28722089307133,3.31756830870773,3.34869942264087,3.38058021649472,3.41317537738497,3.44644831825928,3.48036120379514,3.51487498201406,3.54994942172168,3.58554315583043,3.62161373056625,3.65811766050341,3.69501048931251,3.73224685604754,3.76978056673892,3.80756467100139,3.84555154331022,3.88369296854611,3.92194023136052,3.96024420886904,3.99855546614164,4.03682435392595,4.07500110801445,4.11303594964709,4.15087918633051,4.18848131245141,4.22579310906595,4.26276574225995,4.2993508594938,4.33550068337368,4.37116810232409,4.40630675767726,4.44087112674015,4.4748166014508,4.50809956228995,4.54067744717177,4.57250881509784,4.60355340441968,4.63377218561757,4.66312740856516,4.69158264431011,4.71910282145956,4.7456542573158,4.77120468395978,4.79572326952927,4.81918063498273,4.84154886667903,4.86280152513732,4.88291365036944,4.90186176419951,4.91962387000122,4.93617945029348,4.95150946263814,4.96559633428112,4.97842395596897,4.98997767535829,5.00024429041421,5.00921204316848,5.01687061417582,5.02321111797145,5.02822609979216,5.03190953377916,5.03425682283393,5.03526480024801,5.03493173317632,5.03325732797026,5.0302427373338,5.02589056921201,5.02020489726968,5.01319127276694,5.00485673759091,4.99520983815742,4.98426063985636,4.97202074167731,4.95850329062155,4.94372299548055,4.92769613954203,4.91044059177148,4.89197581601107,4.8723228777386,4.85150444793663,4.82954480363673,4.80646982472466,4.78230698662038,4.7570853484799,4.73083553660547,4.70358972279462,4.67538159740656,4.64624633697675,4.61622056626458,4.58534231467591,4.55365096705952,4.52118720893471,4.48799296626414,4.45411133994208,4.41958653522193,4.38446378635784,4.34878927678227,4.31261005518529,4.27597394789949,4.23892946802906,4.20152572178945,4.16381231254796,4.12583924307271,4.08765681650981,4.04931553661489,4.01086600776623,3.97235883528249,3.93384452655886,3.89537339352146,3.85699545688156,3.81876035264913,3.78071724133891,3.74291472027398,3.70540073935938,3.66822252066497,3.63142648212066,3.59505816559002,3.55916216955004,3.52378208656595,3.48896044571092,3.45473866004112,3.42115697919809,3.38825444717195,3.35606886522175,3.32463675991281,3.29399335619602,3.26417255542014,3.23520691813629,3.20712765152323,3.17996460123351,3.15374624743378,3.12849970478809,3.1042507261103,3.08102370939159,3.058841707891,3.03772644296168,3.01769831927203,2.99877644207136,2.9809786361411,2.96432146606873,2.94882025747868,2.93448911885612,2.92134096360303,2.90938753197289,2.89863941254026,2.88910606287439,2.88079582910142,2.87371596405891,2.86787264376711,2.86327098196589,2.85991504249241,2.85780784930346,2.85695139397718
36,2.65915506451286,2.65955015654331,2.66119382020687,2.66408501578857,2.66822172480254,2.67360094293005,2.68021866973324,2.6880698952394,2.69714858353268,2.70744765353148,2.71895895717066,2.73167325524698,2.74558019122431,2.76066826333113,2.77692479531642,2.79433590626131,2.81288647987154,2.83256013370048,2.85333918877306,2.87520464009754,2.89813612856382,2.92211191473425,2.94710885503482,2.97310238085087,3.00006648102265,3.02797368822081,3.05679506966153,3.08650022259387,3.11705727496011,3.1484328915915,3.18059228625865,3.21349923984797,3.24711612488262,3.28140393655014,3.31632233033962,3.3518296663288,3.38788306009821,3.42443844018484,3.46145061192361,3.49887332746154,3.53665936166803,3.57476059360602,3.61312809317344,3.65171221247358,3.69046268142672,3.72932870709492,3.76825907615685,3.80720225994147,3.84610652140672,3.88492002343449,3.9235909378039,3.96206755420286,4.00029838864178,4.03823229064385,4.07581854860247,4.11300699271818,4.14974809495488,4.18599306548713,4.221693945147,4.25680369342015,4.29127627158538,4.32506672064031,4.35813123370736,4.39042722266811,4.42191337883072,4.45254972749349,4.48229767632728,4.51112005756034,4.53898116401034,4.56584677906927,4.59168420080718,4.61646226041979,4.64015133530114,4.66272335707683,4.68415181498328,4.70441175502404,4.72347977537511,4.74133401854577,4.75795416082929,4.77332139959926,4.78741843901987,4.80022947474379,4.81174017816733,4.82193768080054,4.83081055928849,4.83834882159021,4.84454389478373,4.8493886149189,4.85287721928664,4.85500534141212,4.85577000901361,4.85516964509736,4.85320407228385,4.84987452038326,4.84518363715925,4.83913550214091,4.83173564326532,4.82299105605796,4.81291022498709,4.80150314656194,4.78878135368491,4.77475794071534,4.75944758865794,4.74286658985389,4.72503287152678,4.70596601752,4.68568728755699,4.66421963336127,4.64158771098866,4.61781788875025,4.59293825014042,4.56697859122901,4.53997041203024,4.51194690142206,4.48294291525692,4.45299494737861,4.42214109333693,4.39042100667308,4.3578758477313,4.32454822503581,4.29048212935508,4.25572286065709,4.22031694823746,4.18431206437737,4.14775693195791,4.11070122652192,4.07319547333194,4.03529094002379,3.99703952549845,3.95849364572966,3.91970611719234,3.88073003863453,3.84161867192657,3.80242532272276,3.76320322166468,3.72400540684161,3.6848846082025,3.64589313458588,3.60708276400001,3.56850463774588,3.53020915893103,3.49224589587289,3.45466349083826,3.41750957450975,3.38083068651286,3.34467220227843,3.30907826645534,3.27409173302922,3.23975411224306,3.20610552435838,3.17318466023856,3.14102874868211,3.10967353038182,3.07915323833663,3.04950058449806,3.02074675239019,2.99292139540429,2.9660526404344,2.94016709648974,2.91528986789306,2.89144457165206,2.86865335857234,2.84693693766668,2.82631460340487,2.80680426534266,2.7884224796661,2.77118448218902,2.75510422234696,2.74019439773939,2.72646648878438,2.71393079306507,2.70259645896555,2.69247151821494,2.6835629169817,2.67587654518651,2.66941726372963,2.66418892935874,2.66019441693435,2.65743563888305,2.65591356166212,2.65562821909416,2.65657872246534,2.65876326731673,2.66217913689377,2.66682270225474,2.6726894190745,2.6797738212148,2.68806951116681,2.69756914750519,2.70826442952566,2.72014607926985,2.73320382117153,2.7474263595878,2.76280135450641,2.779315395747,2.7969539759984,2.8157014630574,2.83554107165476,2.8564548352736,2.87842357838107,2.90142688950838,2.92544309562481,2.9504492382592,2.97642105182645,3.00333294461712,3.03115798290427,3.05986787861375,3.08943298099115,3.11982227268077,3.15100337060912,3.18294253203697,3.21560466611041,3.24895335120229,3.28295085829132,3.31755818057685,3.35273506947346,3.38844007707203,3.42463060509208,3.46126296028623,3.4982924161916,3.53567328105539,3.5733589716948,3.61130209298492,3.64945452260388,3.68776750060314,3.72619172331362,3.7646774410462,3.80317455899916,3.84163274074594,3.88000151364486,3.91823037548956,3.95626890170383,3.99406685237895,4.03157427845527,4.06874162636174,4.10551984044884,4.14186046257983,4.17771572828303,4.21303865891326,4.2477831493218,4.28190405059209,4.31535724746068,4.34809973010882,4.38008966007945,4.41128643014495,4.44165071802252,4.47114453390543,4.49973126184855,4.52737569511415,4.55404406564915,4.57970406792575,4.60432487743389,4.62787716416534,4.6503331014744,4.67166637073981,4.69185216228459,4.71086717303688,4.72868960143272,4.74529914007371,4.76067696665621,4.77480573368557,4.78766955747884,4.7992540069419,4.80954609258316,4.81853425619582,4.82620836160427,4.83255968682881,4.83758091797591,4.84126614511089,4.84361086031437,4.84461195806711,4.84426773804745,4.84257791036435,4.83954360318732,4.83516737267258,4.82945321502455,4.82240658047295,4.81403438889033,4.80434504672275,4.79334846485887,4.7810560770206,4.76748085822209,4.75263734281445,4.73654164161067,4.71921145757046,4.7006660995174,4.68092649336148,4.66001519030906,4.63795637155876,4.61477584900644,4.59050106151422,4.5651610663371,4.53878652534569,4.5114096857345,4.48306435496007,4.45378586971312,4.42361105879078,4.39257819979952,4.36072696968508,4.32809838915055,4.29473476108945,4.2606796032223,4.22597757518661,4.19067440038594,4.15481678295706,4.11845232026167,4.08162941135175,4.0443971618946,4.00680528607426,3.9689040060109,3.93074394925771,3.89237604494734,3.8538514191653,3.81522129012788,3.77653686373589,3.73784923006446,3.69920926133212,3.66066751187172,3.62227412059997,3.58407871645335,3.54613032722568,3.50847729220753,3.47116717898979,3.43424670475475,3.39776166233697,3.36175685129452,3.32627601418911,3.29136177823067,3.25705560240003,3.22339773012106,3.19042714751258,3.15818154720999,3.12669729770734,3.09600941813301,3.06615155833553,3.03715598412173,3.00905356745641,2.98187378140167,2.95564469954548,2.93039299964177,2.9061439711604,2.88292152642265,2.8607482149787,2.83964524086619,2.81963248237476,2.80072851393006,2.78295062970186,2.76631486853589,2.75083603980613,2.73652774978552,2.72340242813691,2.71147135413371,2.7007446822302,2.69123146661554,2.68293968440278,2.6758762571246,2.67004707023081,2.66545699030907,2.66210987977942,2.66000860884469,2.65915506451286
37,2.47030373138647,2.47069869462112,2.47233544159443,2.47521298342609,2.47932940916238,2.48468187801421,2.49126660790551,2.4990788604335,2.50811292238797,2.51836208402216,2.52981861431213,2.54247373348442,2.5563175831336,2.57133919429034,2.58752645383774,2.60486606970786,2.62334353532091,2.64294309375715,2.66364770217427,2.68543899700191,2.70829726045866,2.73220138894532,2.75712886387134,2.78305572546821,2.8099565501348,2.83780443184399,2.86657096811844,2.89622625105513,2.92673886384349,2.95807588318174,2.990202887949,3.02308397443903,3.05668177840447,3.09095750409906,3.12587096044064,3.16138060435025,3.19744359125309,3.2340158326569,3.27105206065322,3.30850589911776,3.34632994131886,3.38447583357941,3.42289436457673,3.46153555980969,3.50034878071196,3.53928282784582,3.57828604757297,3.61730644156764,3.6562917785127,3.69518970730236,3.73394787106473,3.77251402131408,3.81083613154621,3.8488625096002,3.88654190812615,3.92382363252051,3.96065764571827,3.9969946692646,4.03278628012595,4.06798500274338,4.10254439587757,4.13641913384549,4.16956508180302,4.20193936478536,4.23350043027744,4.26420810414953,4.29402363985825,4.32290976087976,4.35083069640977,4.37775221043296,4.40364162433216,4.42846783327474,4.45220131667821,4.4748141431197,4.49627997011217,4.51657403922431,4.53567316706976,4.55355573273286,4.57020166223321,4.58559241065766,4.59971094260605,4.61254171160557,4.62407063914677,4.63428509398264,4.64317387231043,4.65072717942328,4.65693661337715,4.66179515116657,4.66529713784261,4.66743827893788,4.66821563648821,4.66762762885904,4.66567403449905,4.66235599965443,4.65767604998606,4.65163810594152,4.64424750164368,4.63551100697119,4.62543685242374,4.6140347562884,4.60131595355424,4.5872932259613,4.5719809325186,4.55539503978498,4.53755315117649,4.51847453454575,4.49818014727279,4.47669265811213,4.45403646505922,4.43023770852848,4.40532427917599,4.37932581975116,4.35227372042225,4.32420110709015,4.29514282228158,4.26513539829594,4.23421702236785,4.20242749369872,4.16980817230405,4.13640191971728,4.10225303168388,4.06740716307095,4.03191124530469,3.9958133967317,3.95916282637738,3.92200973164534,3.88440519056545,3.84640104925342,3.80804980529124,3.7694044877758,3.73051853481125,3.69144566923962,3.65223977341414,3.61295476382005,3.57364446633956,3.53436249294088,3.49516212054633,3.4560961728028,3.41721690543858,3.37857589584617,3.34022393748026,3.30221093960546,3.26458583287032,3.22739648112255,3.19068959981742,3.15451068130626,3.11890392722704,3.08391218815363,3.04957691059589,3.01593809137999,2.98303423937696,2.95090234448891,2.91957785374673,2.88909465432022,2.85948506319312,2.83077982320997,2.80300810516111,2.77619751553508,2.75037410953546,2.72556240893116,2.70178542428571,2.67906468109192,2.65742024932411,2.63687077590941,2.61743351961431,2.59912438784055,2.58195797482722,2.56594760076201,2.55110535131509,2.53744211712228,2.52496763276191,2.51369051478966,2.50361829841911,2.49475747246168,2.48711351216815,2.48069090964447,2.47549320154727,2.47152299379864,2.46878198309538,2.46727097502459,2.46698989863493,2.46793781735113,2.47011293615744,2.47351260501426,2.47813331851044,2.48397071179144,2.49101955284108,2.49927373123085,2.50872624348652,2.51936917525671,2.5311936805011,2.54418995794872,2.5583472251075,2.57365369013612,2.59009652191695,2.6076618186958,2.62633457567877,2.64609865199932,2.66693673749001,2.68883031971133,2.71175965170679,2.73570372096631,2.76064022009033,2.78654551965361,2.81339464377067,2.84116124886337,2.86981760612471,2.89933458816228,2.9296816602878,2.96082687689723,2.99273688335744,3.0253769237814,3.05871085503315,3.09270116725737,3.12730901117584,3.16249423233523,3.19821541242722,3.23442991773496,3.27109395468819,3.30816263243553,3.34559003226696,3.38332928364275,3.42133264650962,3.45955159951077,3.49793693362549,3.53643885070745,3.57500706632971,3.61359091628987,3.65213946608211,3.69060162260459,3.72892624734182,3.76706227024249,3.80495880350465,3.84256525448173,3.87983143693548,3.91670767988393,3.95314493332543,3.98909487016134,4.02450998369064,4.05934368010767,4.09355036549968,4.12708552691134,4.1599058071189,4.19196907283559,4.22323447615068,4.25366250908676,4.28321505124149,4.3118554105607,4.33954835736741,4.3662601518462,4.39195856525236,4.41661289518022,4.44019397528387,4.46267417989611,4.48402742403615,4.50422915933456,4.52325636643334,4.54108754444034,4.55770269803058,4.57308332279152,4.58721238940589,4.60007432725391,4.61165500799682,4.62194172967659,4.63092320183155,4.63858953208655,4.64493221462825,4.6499441209227,4.6536194929738,4.65595393935872,4.65694443420981,4.65658931924398,4.65488830886979,4.65184249833164,4.64745437477906,4.64172783107957,4.63466818212627,4.62628218332688,4.6165780509012,4.60556548355907,4.59325568508251,4.57966138729343,4.56479687285463,4.54867799732529,4.53132220987519,4.51274857205313,4.49297777400626,4.47203214755695,4.44993567556303,4.42671399701562,4.40239440736499,4.37700585360981,4.35057892373617,4.3231458301514,4.29474038682035,4.26539797988002,4.2351555315791,4.20405145746209,4.17212561679202,4.13941925627939,4.1059749472579,4.07183651651806,4.03704897107657,4.00165841722271,3.96571197424095,3.9292576832613,3.89234441173537,3.85502175407576,3.81733992902935,3.77934967438064,3.74110213960034,3.70264877706576,3.66404123248467,3.62533123515224,3.58657048866279,3.54781056268395,3.50910278638151,3.47049814405879,3.43204717354559,3.39379986783897,3.35580558046225,3.3181129349693,3.28076973898048,3.24382290309297,3.20731836496451,3.17130101882361,3.13581465061426,3.10090187893667,3.06660410190053,3.03296144996185,3.00001274477026,2.96779546401048,2.9363457121797,2.90569819720185,2.87588621274096,2.8469416260384,2.81889487106354,2.79177494673378,2.76560941992868,2.74042443299397,2.71624471540438,2.69309359923009,2.67099303803022,2.64996362877781,2.63002463640507,2.61119402054494,2.59348846403529,2.57692340274616,2.5615130562873,2.54727045915431,2.53420749187594,2.52233491173299,2.5116623826311,2.50219850372484,2.49395083640947,2.48692592931894,2.48112934099468,2.4765656599182,2.47323852163279,2.47115062271412,2.47030373138647
38,2.2904485738696,2.29084339336817,2.29246967171564,2.29532647384973,2.29941200462786,2.30472360033989,2.3112577160504,2.31900990887949,2.32797481738012,2.33814613721957,2.34951659342023,2.36207790946185,2.3758207735921,2.39073480273529,2.40680850442903,2.42402923725585,2.4423831702707,2.46185524195486,2.48242911925245,2.50408715726671,2.52681036020846,2.55057834419962,2.57536930253832,2.60115997403017,2.62792561498118,2.65563997543211,2.68427528019138,2.71380221519386,2.74418991967619,2.77540598461574,2.80741645783045,2.84018585608082,2.87367718445368,2.90785196324159,2.94267026246105,2.97809074408013,3.01407071195026,3.05056616936131,3.08753188406248,3.12492146051689,3.16268741908487,3.20078128176153,3.2391536640292,3.27775437232472,3.31653250656754,3.3554365671466,3.39441456572248,3.43341413916781,3.47238266594203,3.51126738417763,3.55001551074316,3.58857436054396,3.62689146532392,3.66491469124093,3.70259235450474,3.7398733343872,3.77670718294324,3.81304423081354,3.84883568851857,3.88403374269669,3.91859164678719,3.95246380571111,3.9856058541597,4.01797472816032,4.04952872965393,4.08022758388576,4.11003248948065,4.13890616114762,4.16681286503264,4.19371844681418,4.21959035271252,4.24439764365921,4.26811100294761,4.29070273775702,4.31214677501134,4.33241865209643,4.35149550301828,4.36935604063443,4.3859805356337,4.4013507929725,4.41545012649953,4.42826333251298,4.43977666299554,4.44997779926215,4.45885582673255,4.46640121150632,4.47260577937215,4.47746269782551,4.48096646160144,4.48311288215183,4.48389908141131,4.48332349010301,4.48138585073802,4.47808722535997,4.47343000798254,4.46741794156322,4.46005613925355,4.45135110956666,4.4413107850079,4.42994455362656,4.41726329286665,4.40327940502491,4.3880068535645,4.37146119948602,4.35365963692262,4.33462102710515,4.31436592983584,4.29291663161529,4.27029716958829,4.24653335050685,4.22165276395579,4.19568478914388,4.16866059463281,4.14061313045493,4.11157711215764,4.08158899640615,4.05068694787549,4.01891079726554,3.98630199037734,3.9529035282948,3.91875989881945,3.88391699940765,3.84842205195691,3.81232350987983,3.7756709579895,3.73851500579779,3.70090717489721,3.66289978115672,3.62454581251231,3.58589880317265,3.54701270509034,3.50794175756794,3.46874035587715,3.42946291976827,3.39016376273616,3.3508969628889,3.31171623623661,3.27267481318116,3.23382531894393,3.19521965861813,3.15690890747673,3.11894320710633,3.08137166787305,3.04424227815929,3.00760182074065,2.97149579660205,2.9359683564206,2.90106223987241,2.86681872285041,2.83327757261254,2.80047701081341,2.76845368430983,2.73724264357048,2.70687732846382,2.67738956114618,2.64880954572382,2.62116587431915,2.59448553913234,2.5687939500555,2.54411495736676,2.5204708790074,2.49788253192519,2.47636926695214,2.45594900667465,2.43663828574845,2.41845229310963,2.40140491553632,2.38550878202321,2.37077530844254,2.35721474198083,2.34483620485951,2.33364773687024,2.32365633628129,2.31486799869994,2.30728775350699,2.30091969751304,2.29576702552153,2.29183205752093,2.28911626226701,2.28762027705574,2.28734392352796,2.28828621938785,2.29044538595828,2.29381885153737,2.29840325056117,2.3041944186175,2.31118738339578,2.3193763516958,2.3287546926562,2.3393149173998,2.35104865532786,2.36394662732944,2.37799861620435,2.39319343462951,2.40951889102783,2.42696175372723,2.44550771382377,2.46514134718762,2.48584607607378,2.50760413082002,2.53039651213336,2.55420295448212,2.57900189112368,2.60477042130729,2.63148428019746,2.65911781206425,2.68764394728375,2.71703418368287,2.74725857274822,2.77828571119785,2.8100827383871,2.84261533998577,2.87584775832202,2.9097428097404,2.9442619092657,2.97936510280255,3.01501110703236,3.05115735709552,3.08776006206843,3.12477426816262,3.16215392948868,3.19985198614156,3.23782044927773,3.27601049277048,3.31437255094765,3.35285642183933,3.39141137529177,3.42998626523942,3.46852964537201,3.50698988738713,3.54531530098366,3.58345425472706,3.62135529690494,3.65896727549125,3.69623945634885,3.73312163882375,3.76956426791974,3.8055185422879,3.84093651732167,3.87577120271353,3.90997665390237,3.94350805692116,3.97632180623933,4.00837557528475,4.03962837942158,4.07004063125436,4.09957418822203,4.1281923925372,4.1558601036155,4.18254372322497,4.2082112136659,4.23283210936546,4.25637752233944,4.27882014203286,4.30013423010309,4.32029561075207,4.33928165724806,4.35707127530179,4.37364488397716,4.38898439482157,4.40307318989757,4.41589609938351,4.42743937938879,4.43769069059775,4.44663907831705,4.45427495445362,4.46059008189607,4.46557756171118,4.46923182350049,4.47154861919018,4.47252502045199,4.47215941987408,4.4704515359204,4.46740242163541,4.46301447696995,4.45729146452435,4.45023852842716,4.44186221599514,4.43217050175051,4.42117281330957,4.40888005860031,4.3953046538191,4.38046055149703,4.36436326801695,4.34702990990186,4.32847919818635,4.30873149018343,4.28780879797098,4.26573480294409,4.24253486581204,4.21823603146049,4.19286702815053,4.16645826058508,4.1390417964397,4.11065134602647,4.08132223483722,4.05109136879246,4.01999719210516,3.98807963775242,3.95538007063069,3.92194122355226,3.88780712631863,3.85302302818157,3.81763531407163,3.78169141503799,3.74523971340039,3.70832944316404,3.6710105862908,3.63333376545454,3.59535013393529,3.5571112633255,3.51866902973282,3.480075499167,3.44138281279495,3.40264307273715,3.36390822906188,3.32522996861116,3.28665960626402,3.24824797921096,3.21004534477625,3.1721012822855,3.13446459943283,3.09718324355721,3.06030421819089,3.02387350519466,2.98793599274625,2.95253540939891,2.91771426437819,2.88351379423592,2.84997391593275,2.81713318637276,2.7850287683678,2.7536964029644,2.72317038802239,2.69348356289292,2.6646672990034,2.6367514961188,2.60976458401273,2.58373352924804,2.55868384673476,2.53463961570471,2.51162349971515,2.48965677027083,2.46875933363264,2.44894976036414,2.43024531715264,2.4126620004313,2.3962145713214,2.38091659141088,2.36678045888591,2.35381744453678,2.34203772716828,2.33145042795723,2.32206364331651,2.31388447584593,2.30691906297421,2.30117260292499,2.29664937767097,2.29335277257571,2.29128529245985,2.2904485738696
39,2.11958593218073,2.11998053225977,2.12159292957746,2.12442224593561,2.12846680984515,2.13372414728266,2.14019096778328,2.14786314598675,2.15673569880679,2.16680275844649,2.1780575415344,2.19049231470601,2.20409835700365,2.21886591951409,2.23478418270628,2.25184121197209,2.2700239119092,2.28931797991837,2.30970785971479,2.33117669537655,2.35370628657072,2.37727704560918,2.40186795699125,2.42745654008906,2.45401881562245,2.48152927655428,2.50996086401351,2.53928494882176,2.56947131916041,2.60048817486894,2.63230212881161,2.66487821568995,2.69817990861187,2.73216914365777,2.76680635260762,2.8020505039147,2.8378591519302,2.87418849430082,2.91099343737931,2.94822766940739,2.98584374115191,3.0237931536008,3.06202645225514,3.10049332748924,3.13914272039243,3.17792293345483,3.21678174541544,3.25566652955446,3.29452437468312,3.33330220806342,3.37194691947705,3.41040548565698,3.44862509429664,3.48655326685995,3.52413797943024,3.56132778085731,3.59807190748856,3.6343203938031,3.6700241783052,3.70513520407738,3.73960651344099,3.77339233622595,3.80644817120903,3.83873086034315,3.87019865546699,3.90081127725618,3.93052996625247,3.95931752588633,3.98713835749005,4.01395848738266,4.0397455861929,4.06446898067235,4.0880996583353,4.11061026534488,4.13197509814406,4.15217008940456,4.17117278893512,4.18896234025095,4.20551945355802,4.22082637594701,4.23486685962178,4.24762612900507,4.25909084756829,4.26924908522368,4.27809028709385,4.28560524443707,4.29178606845617,4.29662616765559,4.30012022933523,4.30226420572315,4.30305530515222,4.30249198858138,4.30057397165042,4.29730223234111,4.29267902419924,4.28670789495235,4.27939371024063,4.27074268206427,4.26076240144206,4.2494618746754,4.23685156252058,4.2229434214917,4.20775094644898,4.19128921357337,4.17357492278831,4.15462643866619,4.13446382884807,4.11310889901295,4.09058522345591,4.06691817037248,4.04213492099946,4.01626448182825,3.98933768918498,3.96138720556094,3.93244750717476,3.90255486235377,3.87174730043323,3.84006457098745,3.80754809332423,3.77424089629123,3.74018754855872,3.70543407965569,3.67002789214354,3.63401766541259,3.59745325168029,3.56038556485431,3.52286646299838,3.48494862520365,3.44668542372108,3.40813079225272,3.36933909133034,3.33036497172839,3.29126323686644,3.25208870515261,3.21289607320577,3.1737397808704,3.13467387890487,3.09575190018272,3.05702673519675,3.0185505126004,2.98037448545873,2.94254892381497,2.90512301410801,2.86814476590287,2.8316609263205,2.79571690247687,2.7603566921643,2.72562282293156,2.69155629964432,2.65819656053412,2.62558144167354,2.59374714974771,2.56272824292836,2.53255761959649,2.50326651460442,2.47488450271662,2.44743950882268,2.42095782447469,2.39546413026491,2.37098152352891,2.34753155083365,2.32513424468919,2.30380816390765,2.28357043702247,2.2644368081759,2.24642168488188,2.22953818707609,2.21379819687332,2.19921240846574,2.18579037761261,2.17354057019339,2.16247040932091,2.1525863205393,2.14389377466291,2.1363973278463,2.1301006585119,2.12500660080073,2.12111717425152,2.11843360945585,2.11695636947939,2.11668516688295,2.11761897622114,2.11975604194011,2.12309388163987,2.12762928470962,2.13335830638738,2.14027625733621,2.14837768887031,2.15765637400305,2.16810528452704,2.1797165643728,2.19248149952774,2.20639048483067,2.22143298798952,2.23759751120069,2.25487155077792,2.27324155522664,2.29269288222607,2.31320975500644,2.33477521863159,2.35737109671815,2.3809779491414,2.40557503129351,2.43114025547267,2.45765015499066,2.48507985159084,2.51340302676842,2.54259189757912,2.57261719751011,2.6034481629687,2.63505252591805,2.66739651315582,2.70044485268966,2.73416078761417,2.76850609783587,2.80344112992708,2.83892483531673,2.87491481694593,2.91136738443064,2.948237617683,2.98547943884871,3.02304569232135,3.06088823249782,3.09895801884274,3.13720521773669,3.1755793104945,3.21402920685707,3.25250336318563,3.29094990452184,3.32931674962242,3.36755173803389,3.4056027582427,3.44341787591915,3.48094546127005,3.51813431452602,3.55493378861347,3.59129390809909,3.62716548354503,3.66250022047501,3.69725082222438,3.73137108602925,3.76481599179989,3.79754178312007,3.82950604011567,3.86066774393989,3.89098733272917,3.92042674898973,3.94894947847919,3.9765205807494,4.00310671161359,4.02867613789248,4.05319874487837,4.07664603703349,4.09899113250664,4.1202087521111,4.14027520345599,4.15916836096131,4.17686764251522,4.19335398354886,4.20860980931052,4.22261900611609,4.23536689233776,4.24684018986728,4.25702699675466,4.26591676167845,4.27350026084973,4.27976957789043,4.28471808715705,4.28834044090519,4.29063256060893,4.29159163266324,4.29121610860822,4.28950570992232,4.28646143733936,4.28208558455124,4.27638175606808,4.26935488891885,4.26101127779245,4.25135860314031,4.24040596169051,4.22816389875936,4.21464444169206,4.19986113371898,4.18382906748035,4.16656491744932,4.14808697047289,4.12841515365116,4.10757105878917,4.08557796268098,4.06246084252251,4.03824638579804,4.01296299404322,3.98664077995477,3.95931155739272,3.93100882390255,3.90176773547243,3.87162507333146,3.84061920268819,3.8087900234027,3.77617891267864,3.74282865995248,3.70878339424429,3.67408850431712,3.63879055206776,3.60293717964187,3.5665770108277,3.52975954733652,3.49253506062276,3.45495447993294,3.41706927729967,3.37893135021539,3.34059290273016,3.30210632571955,3.26352407706223,3.22489856245342,3.18628201756023,3.14772639219853,3.10928323717975,3.07100359443931,3.03293789101839,2.99513583742698,2.95764633086958,2.92051736376632,2.88379593795218,2.84752798488516,2.81175829214266,2.7765304364325,2.74188672329306,2.707868133605,2.67451427698589,2.64186335208874,2.6099521137765,2.5788158470965,2.54848834793281,2.5190019101696,2.49038731915582,2.46267385122052,2.43588927894938,2.41005988189623,2.38521046236936,2.36136436590066,2.33854350597689,2.31676839258656,2.2960581641133,2.27643062208718,2.25790226829027,2.24048834370041,2.2242028687498,2.20905868437107,2.19506749330445,2.18223990114429,2.17058545661298,2.1601126905641,2.15082915323482,2.14274144929039,2.13585527023018,2.13017542375579,2.12570585973592,2.12244969244142,2.12040921876445,2.11958593218073
40,1.95766199571319,1.95805622338994,1.9596514652245,1.96244690307283,1.96644099656129,1.97163147305027,1.97801531243162,1.98558872688528,1.99434713577799,2.00428513594299,2.01539646763505,2.02767397650894,2.04110957202086,2.05569418270198,2.07141770879966,2.08826897282485,2.10623566858424,2.12530430931023,2.14546017553303,2.16668726336385,2.18896823387791,2.21228436429917,2.2366155016949,2.26194001988764,2.28823478028325,2.31547509729774,2.34363470904063,2.37268575387976,2.40259875347144,2.43334260279052,2.4648845676378,2.49719029003833,2.53022380187323,2.56394754701114,2.59832241212446,2.63330776629066,2.66886150939176,2.70494012923714,2.74149876724638,2.77849129244294,2.81587038342543,2.85358761790384,2.89159356931348,2.92983790995093,2.96826952001451,3.00683660187754,3.04548679887601,3.08416731785393,3.12282505467899,3.16140672191893,3.19985897785446,3.23812855599721,3.27616239428174,3.31390776310726,3.35131239141817,3.38832459003232,3.42489337145085,3.46096856541519,3.49650092951283,3.53144225417611,3.56574546146574,3.59936469708389,3.63225541512058,3.66437445510141,3.69568011097445,3.72613219174963,3.75569207358426,3.78432274319364,3.81198883255507,3.83865664496652,3.86429417261622,3.88887110591626,3.91235883494947,3.93473044347417,3.95596069602287,3.97602601871822,3.99490447450979,4.0125757336076,4.02902103995031,4.04422317459684,4.05816641696804,4.07083650488854,4.08222059438789,4.09230722021289,4.10108625798012,4.10854888885831,4.1146875676154,4.11949599479482,4.1229690937011,4.12510299277751,4.12589501384944,4.12534366658868,4.12344864942765,4.12021085702049,4.11563239421353,4.10971659635175,4.10246805561383,4.09389265293859,4.08399759498242,4.07279145543206,4.06028421989369,4.04648733348771,4.03141375020146,4.01507798299104,3.99749615357863,3.9786860408643,3.95866712686256,3.93746063908179,3.91508958829197,3.89157880066877,3.86695494336249,3.84124654261482,3.81448399363488,3.78669956154657,3.75792737282956,3.72820339679542,3.6975654167648,3.6660529907405,3.63370740150218,3.60057159617837,3.56669011547988,3.53210901290258,3.49687576432552,3.46103916854064,3.42464923935232,3.38775708997602,3.35041481054611,3.3126753396112,3.27459233055204,3.23622001390033,3.19761305656803,3.15882641901493,3.11991521138833,3.08093454966267,3.04193941278974,3.00298450184209,2.96412410209455,2.92541194894202,2.88690109849682,2.8486438036473,2.81069139629133,2.77309417638577,2.73590130837604,2.69916072549044,2.66291904230206,2.6272214758787,2.59211177575823,2.55763216290503,2.52382327772263,2.4907241371192,2.45837210054738,2.42680284486792,2.39605034781829,2.36614687980401,2.33712300367131,2.30900758206553,2.28182779193106,2.25560914566498,2.2303755183986,2.20614918084863,2.18295083715283,2.1607996670838,2.1397133720184,2.11970822403037,2.10079911746838,2.08299962238187,2.06632203916255,2.05077745377902,2.03637579299721,2.02312587899812,2.01103548282777,2.00011137614182,1.99035938073761,1.98178441540124,1.97439053963366,1.96818099386014,1.96315823576877,1.9593239724677,1.95667918819585,1.95522416736774,1.95495851278023,1.95588115885554,1.95799037984208,1.96128379294082,1.9657583563709,1.9714103624326,1.97823542566943,1.98622846627326,1.99538368891685,2.00569455723752,2.01715376423295,2.02975319886634,2.04348390921233,2.05833606250855,2.07429890250885,2.09136070456514,2.10950872889356,2.12872917250869,2.14900712033608,2.17032649603839,2.19267001311384,2.21601912684722,2.24035398771241,2.26565339684189,2.29189476419095,2.31905407003306,2.34710583042627,2.37602306728834,2.40577728371,2.43633844511967,2.46767496688955,2.49975370894078,2.53253997786427,2.56599753702356,2.60008862504631,2.63477398304221,2.67001289080752,2.70576321219024,2.74198144969716,2.77862280832428,2.81564126848826,2.85298966782899,2.89061979154471,2.92848247081283,2.9665276887436,3.00470469321225,3.0429621158206,3.08124809615179,3.11951041040599,3.15769660343946,3.19575412317815,3.23363045633918,3.27127326437162,3.30863051852076,3.34565063292964,3.38228259471612,3.41847609000406,3.45418162494175,3.48935064080945,3.52393562239782,3.5578901989316,3.59116923691286,3.62372892436718,3.65552684609009,3.68652204960905,3.71667510169632,3.74594813538794,3.77430488758282,3.80171072741037,3.82813267566562,3.85353941571409,3.87790129636475,3.9011903272963,3.92338016769944,3.94444610886429,3.96436505149745,3.98311547859701,4.00067742474508,4.01703244269696,4.03216356815296,4.04605528359356,4.05869348204188,4.07006543158785,4.0801597414694,4.08896633045436,4.09647639820714,4.10268240025338,4.10757802707868,4.11115818781108,4.11341899884573,4.11435777767286,4.11397304206955,4.11226451471183,4.1092331331596,4.10488106506152,4.09921172832495,4.09222981589589,4.08394132469924,4.07435358820075,4.06347531197101,4.0513166115595,4.03788905192483,4.02320568761635,4.00728110286394,3.99013145070712,3.9717744902826,3.95222962139111,3.93151791547974,3.90966214220556,3.88668679078815,3.862618085414,3.83748399402161,3.81131422987286,3.7841402454019,3.75599521792539,3.726914026897,3.69693322249139,3.66609098540782,3.63442707788904,3.60198278605467,3.56880085374959,3.53492540820393,3.50040187789233,3.46527690306293,3.42959823948245,3.39341465600999,3.35677582666907,3.31973221793477,3.28233497198999,3.24463578673195,3.20668679332772,3.16854043212535,3.13024932772672,3.09186616401852,3.05344355994147,3.01503394675345,2.9766894475126,2.93846175947078,2.90040204002732,2.86256079684911,2.82498778271509,2.78773189559348,2.75084108440736,2.7143622608909,2.67834121788338,2.64282255435321,2.60784960738837,2.57346439133463,2.53970754420771,2.50661828145193,2.47423435706396,2.44259203204893,2.41172605012477,2.38166962054176,2.35245440783623,2.32411052829158,2.29666655283574,2.27014951606225,2.2445849310226,2.2199968094002,2.19640768664213,2.17383865159317,2.15230938014858,2.1318381724169,2.11244199286352,2.09413651288781,2.07693615527444,2.06085413995023,2.04590253047436,2.0320922806901,2.01943328097209,2.00793440351332,1.99760354611148,1.98844767393437,1.98047285876889,1.9736843152876,1.9680864339005,1.96368280979734,1.96047626782772,1.95846888291059,1.95766199571319
41,1.80457753476329,1.80497114715977,1.8065460961993,1.80930162718839,1.81323633799311,1.81834816816764,1.82463438240771,1.83209154846409,1.84071550971227,1.85050135263419,1.86144336952675,1.87353501680862,1.88676886935219,1.90113657131957,1.91662878403133,1.93323513144301,1.95094414384613,1.96974320044914,1.98961847152604,2.01055486084835,2.03253594913733,2.05554393928826,2.07955960412631,2.10456223745325,2.13052960913633,2.15743792497366,2.18526179204504,2.21397419022244,2.2435464504711,2.27394824051984,2.30514755841837,2.33711073443127,2.36980244164222,2.40318571556062,2.43722198293572,2.47187109989275,2.50709139941224,2.54283974807966,2.57907161193853,2.61574113118821,2.65280120337882,2.69020357467137,2.72789893865271,2.76583704212257,2.80396679720543,2.84223639908324,2.88059344859608,2.9189850789181,2.95735808548393,2.99565905831722,3.03383451589707,3.07183103968969,3.10959540847124,3.147074731573,3.18421658019128,3.220969115922,3.25728121570254,3.29310259237243,3.32838391009804,3.36307689394709,3.39713443294386,3.43051067598849,3.46316112008197,3.49504269036339,3.52611381153804,3.55633447035346,3.58566626886607,3.61407246833233,3.64151802365635,3.66796960842756,3.69339563068884,3.71776623968377,3.74105332394162,3.76323050116714,3.78427310050877,3.80415813787961,3.82286428510034,3.8403718337183,3.8566626544316,3.8717201531084,3.88552922443863,3.89807620428594,3.90934882182156,3.91933615251712,3.92802857305052,3.93541771913746,3.94149644724102,3.94625880103469,3.94969998339954,3.95181633462779,3.95260531738201,3.95206550882588,3.95019660019981,3.94699940396545,3.94247586849099,3.93662910009473,3.92946339211354,3.9209842605147,3.91119848543058,3.90011415786531,3.88774073070478,3.87408907305864,3.85917152687522,3.84300196470187,3.82559584741241,3.80697028069365,3.78714406907229,3.76613776627433,3.74397372073898,3.72067611515884,3.69627099898586,3.67078631292717,3.64425190455455,3.61669953426467,3.58816287095078,3.55867747688002,3.5282807814094,3.49701204331719,3.46491230167127,3.43202431530015,3.39839249107365,3.3640628013361,3.32908269096401,3.29350097464012,3.25736772504588,3.22073415277237,3.18365247883598,3.14617580075722,3.10835795322047,3.07025336437691,3.03191690888412,2.99340375879305,2.95476923339656,2.91606864914525,2.87735717071462,2.83868966427571,2.80012055397804,2.76170368260197,2.72349217727654,2.68553832109157,2.64789343135824,2.61060774519391,2.57373031302343,2.53730890050369,2.50138989929024,2.46601824697621,2.43123735644528,2.39708905479292,2.3636135318841,2.33084929853257,2.29883315420641,2.26760016408828,2.23718364524641,2.20761516160493,2.17892452733978,2.15113981826897,2.1242873907547,2.09839190758892,2.07347637029377,2.04956215723458,2.02666906691473,2.00481536579979,1.98401784000186,1.96429185014473,1.94565138872572,1.92810913929079,1.911676536746,1.8963638281394,1.88218013326439,1.86913350445645,1.85723098498086,1.84647866543903,1.83688173765478,1.82844454553887,1.82117063247082,1.8150627847798,1.81012307095193,1.80635287623835,1.80375293238714,1.80232334227186,1.80206359923914,1.8029726010485,1.80504865832685,1.80828949750971,1.81269225828917,1.8182534856354,1.82496911650397,1.83283446138484,1.84184418089072,1.8519922576226,1.8632719635885,1.87567582348777,1.88919557420856,1.90382212091912,1.91954549016576,1.93635478042146,1.95423811055848,1.97318256674781,1.99317414831557,2.01419771311413,2.03623692299053,2.05927418995985,2.08329062371264,2.10826598110593,2.13417861830368,2.1610054462452,2.18872189012857,2.21730185359771,2.24671768831791,2.27694016961252,2.307938478813,2.33968019294481,2.37213128233206,2.4052561166534,2.4390174799211,2.47337659478362,2.50829315646998,2.54372537660282,2.57963003700619,2.61596255352599,2.65267704976669,2.68972644052884,2.72706252461075,2.7646360865162,2.8023970064902,2.8402943781896,2.87827663318668,2.91629167140371,2.95428699648781,2.99220985505922,3.03000737870446,3.06762672754056,3.10501523414753,3.14212054665537,3.17889076977913,3.21527460261988,3.2512214720925,3.2866816608997,3.321606429047,3.35594812798209,3.38966030654372,3.42269780801801,3.45501685772076,3.48657514065319,3.51733186891014,3.54724783865547,3.57628547661415,3.60440887616424,3.6315838232412,3.6577778123916,3.68296005342975,3.70710146925913,3.73017468551854,3.75215401280021,3.77301542226183,3.79273651551709,3.81129648973812,3.82867609893908,3.84485761243123,3.85982477144827,3.87356274493427,3.88605808546771,3.8972986862623,3.90727374014053,3.91597370131906,3.92339025077681,3.92951626589852,3.93434579499854,3.93787403723392,3.9400973283125,3.94101313229305,3.94062003966104,3.93891777174716,3.93590719143829,3.93159032001271,3.92597035981573,3.91905172237975,3.91084006148559,3.90134231056206,3.89056672372893,3.87852291970706,3.86522192774938,3.85067623468909,3.83489983215802,3.81790826299906,3.79971866588359,3.78034981714634,3.7598221688685,3.73815788227291,3.71538085554349,3.69151674524334,3.66659298058122,3.64063876986278,3.61368509855994,3.5857647185365,3.55691212807928,3.52716354249964,3.49655685518733,3.46513158911649,3.43292883891912,3.39999120375296,3.3663627112973,3.33208873330896,3.2972158932619,3.2617919666747,3.22586577480176,3.18948707242365,3.15270643052139,3.11557511465733,3.07814495991165,3.04046824323986,3.00259755412243,2.9645856643736,2.92648539796411,2.88834950169165,2.85023051750514,2.8121806572545,2.7742516805981,2.73649477675563,2.6989604507458,2.66169841469722,2.62475748476672,2.58818548414367,2.55202915256223,2.516334062685,2.48114454366372,2.446503612124,2.41245291076291,2.37903265469053,2.34628158558952,2.31423693371047,2.28293438766601,2.25240807193228,2.22269053191422,2.19381272638013,2.16580402702137,2.13869222484623,2.11250354307114,2.08726265613008,2.06299271438219,2.0397153740604,2.01745083196944,1.99621786441076,1.97603386978449,1.95691491429574,1.93887578017356,1.92193001579662,1.90608998711063,1.89136692971783,1.87777100102016,1.86531133180374,1.85399607666401,1.84383246268771,1.83482683583028,1.82698470445447,1.82031077952803,1.81480901101573,1.81048262004157,1.80733412644269,1.80536537138514,1.80457753476329
42,1.66019261557793,1.66058527158797,1.66213692806894,1.66484689741988,1.6687139225586,1.67373616516791,1.67991118775508,1.68723592967032,1.69570667729445,1.70531902866911,1.71606785290484,1.7279472447627,1.74095047486304,1.75506993603067,1.770297086338,1.78662238945708,1.8040352529763,1.82252396537814,1.84207563240997,1.86267611360974,1.88430995977152,1.90696035215309,1.93060904423594,1.95523630684965,1.98082087746398,2.00733991443552,2.03476895696886,2.06308189151611,2.09225092529288,2.12224656753305,2.15303761904062,2.18459117052344,2.21687261011332,2.24984564038933,2.28347230512874,2.31771302591266,2.35252664861494,2.38787049970174,2.42370045217035,2.45997100085792,2.49663534675737,2.53364548988923,2.57095233019569,2.6085057758482,2.6462548582929,2.68414785329937,2.7221324072284,2.76015566769324,2.79816441775571,2.83610521277459,2.87392451900607,2.91156885304698,2.94898492120782,2.98611975790608,3.02292086217865,3.05933633142664,3.09531499152504,3.13080652245487,3.16576157864542,3.20013190325077,3.23387043562717,3.26693141132746,3.29927045398531,3.33084465852711,3.36161266522206,3.39153472416263,3.42057274985739,3.44869036571673,3.47585293831728,3.50202760144411,3.52718327002741,3.55129064421278,3.57432220392853,3.59625219443762,3.61705660348422,3.63671313076195,3.65520115054136,3.67250166839436,3.6885972730418,3.70347208442395,3.71711169915103,3.72950313452982,3.74063477238181,3.75049630386653,3.75907867650143,3.76637404452535,3.77237572368714,3.77707815145597,3.78047685354496,3.78256841751796,3.78335047411201,3.78282168675802,3.78098174962125,3.77783139431601,3.77337240527611,3.76760764358995,3.76054107893751,3.75217782910066,3.7425242063607,3.73158776995039,3.71937738359561,3.70590327706536,3.69117711055146,3.67521204062165,3.6580227864341,3.63962569486757,3.62003880321121,3.59928189806978,3.57737656917551,3.55434625685351,3.53021629196495,3.50501392724744,3.47876835908426,3.45151073886111,3.42327417320759,3.39409371256924,3.36400632771067,3.33305087390969,3.30126804276217,3.26870030167648,3.23539182129098,3.20138839119685,3.1667373244885,3.13148735179383,3.095688505555,3.05939199543493,3.02265007581613,2.98551590643436,2.94804340725077,2.91028710871166,2.87230199857542,2.83414336650195,2.79586664760054,2.75752726612018,2.71918048044053,2.68088123048454,2.64268398862587,2.60464261510597,2.56681021890959,2.52923902497336,2.49198024852206,2.4550839772418,2.41859906191043,2.38257301601313,2.34705192477782,2.31208036397017,2.27770132869407,2.24395617235004,2.21088455581333,2.17852440680464,2.14691188934166,2.1160813830788,2.08606547226556,2.0568949439833,2.02859879525336,2.00120424854983,1.97473677519529,1.94922012606996,1.92467636902247,1.90112593233459,1.87858765356328,1.85707883305996,1.83661529145043,1.81721143034829,1.79888029557027,1.78163364212337,1.76548200024124,1.75043474175995,1.73650014614163,1.72368546547799,1.7119969878337,1.70144009832233,1.69201933734443,1.68373845545766,1.6766004643928,1.67060768377586,1.66576178316607,1.66206381906964,1.65951426664234,1.65811304584626,1.65785954188053,1.65875261975836,1.66079063295647,1.66397142611418,1.66829233181065,1.67375016149723,1.68034119070917,1.68806113872589,1.6969051428919,1.70686772785106,1.71794276998556,1.73012345738762,1.74340224572668,1.75777081040831,1.77321999545291,1.78973975955321,1.80731911980001,1.82594609359454,1.84560763929546,1.8662895961763,1.8879766242974,1.91065214492305,1.93429828214026,1.95889580635887,1.98442408039444,2.01086100885205,2.03818299154289,2.06636488167261,2.09537994954095,2.12519985248532,2.15579461178429,2.18713259721064,2.21918051988647,2.25190343404319,2.28526474822857,2.31922624642923,2.35374811949116,2.38878900712419,2.424306050668,2.46025495668034,2.49659007128312,2.53326446507102,2.57023002825301,2.60743757556115,2.64483696032697,2.68237719699516,2.72000659122055,2.75767287658015,2.79532335682937,2.83290505254269,2.87036485090676,2.90764965737895,2.94470654788818,2.9814829202391,3.01792664338462,3.05398620325646,3.08961084388764,3.12475070262454,3.15935693830746,3.19338185139646,3.22677899513151,3.25950327694103,3.29151104944752,3.32276019056245,3.35321017231002,3.38282211817141,3.41155884889177,3.43938491684286,3.46626662917883,3.49217206016269,3.51707105317183,3.54093521301244,3.56373788928304,3.58545415162457,3.60606075777908,3.62553611544862,3.64386023900067,3.66101470210658,3.67698258742299,3.69174843443535,3.70529818657569,3.71761913870526,3.72869988601624,3.73853027535654,3.7471013599181,3.75440535815317,3.76043561769561,3.76518658496605,3.76865378103312,3.7708337841874,3.77172421956344,3.77132375601836,3.76963211034583,3.76665005877223,3.76237945555032,3.75682325833639,3.74998555991062,3.74187162568079,3.73248793629699,3.72184223460201,3.70994357605077,3.69680238165302,3.68243049242938,3.66684122432189,3.65004942246768,3.63207151372976,3.61292555638103,3.59263128585846,3.57121015554191,3.54868537156688,3.52508192075104,3.50042659079924,3.47474798205014,3.44807651013627,3.42044439904782,3.39188566421493,3.36243608535279,3.33213316894487,3.30101610037042,3.26912568581065,3.23650428419128,3.20319572953562,3.16924524421072,3.1346993436472,3.09960573320061,3.06401319789773,3.02797148587385,2.99153118635807,2.95474360310088,2.91766062416453,2.88033458901014,2.84281815381859,2.80516415597487,2.76742547862888,2.72965491622066,2.69190504182573,2.65422807713779,2.61667576586165,2.57929925124117,2.54214895839448,2.50527448207419,2.46872448041252,2.43254657515286,2.39678725880897,2.36149180913247,2.32670421120809,2.29246708743501,2.25882163559199,2.22580757512288,2.19346310171999,2.1618248502229,2.13092786579252,2.100805583263,2.07148981451788,2.0430107436828,2.01539692987382,1.98867531718952,1.96287125158626,1.9380085042289,1.91410930086616,1.89119435673811,1.86928291648646,1.84839279850403,1.82854044313063,1.80974096407671,1.79200820243636,1.77535478263542,1.75979216965066,1.7453307268316,1.73197977365796,1.71974764277276,1.70864173564426,1.69866857622898,1.68983386203241,1.68214251199433,1.675598710661,1.67020594814686,1.66596705543326,1.6628842346008,1.66095908364461,1.66019261557793
43,1.52433124580568,1.52472250215627,1.52624800578701,1.52890714009095,1.53269879954243,1.53762137700981,1.54367274437076,1.55085022658726,1.55915056946506,1.56856990138887,1.57910368938954,1.59074668996278,1.60349289512001,1.61733547421026,1.6322667121076,1.64827794441036,1.66535949034622,1.68350058412075,1.70268930548475,1.72291251032817,1.744155762134,1.76640326514381,1.789637800097,1.81384066340784,1.83899161063636,1.86506880509225,1.89204877238319,1.91990636168097,1.9486147144306,1.97814524116849,2.00846760704767,2.03954972658972,2.07135776809739,2.10385616806869,2.13700765585409,2.17077328869569,2.20511249718148,2.23998314104157,2.27534157510791,2.3111427251566,2.34734017325363,2.38388625213264,2.42073214804791,2.4578280114684,2.49512307491005,2.53256577714397,2.5701038929673,2.60768466768241,2.64525495539666,2.68276136023034,2.72015037950241,2.75736854795303,2.79436258205647,2.83107952347887,2.86746688073998,2.90347276814891,2.93904604109794,2.97413642681868,3.0086946497296,3.0426725505353,3.07602319827533,3.10870099456601,3.14066176933253,3.17186286739189,3.20226322532031,3.23182343812247,3.2605058153144,3.28827442613644,3.31509513372739,3.3409356182149,3.36576538880815,3.38955578511583,3.4122799680534,3.43391290084489,3.45443132076501,3.47381370240258,3.49204021335433,3.50909266337568,3.52495444811864,3.53961048867485,3.55304716821064,3.56525226702907,3.57621489741978,3.58592543965929,3.59437548050231,3.60155775545742,3.60746609606988,3.61209538333977,3.61544150828768,3.61750134054451,3.61827270568812,3.61775437188155,3.61594604618765,3.61284838074622,3.60846298880689,3.60279247041616,3.59584044736477,3.58761160681537,3.57811175285368,3.56734786504209,3.55532816290641,3.54206217515678,3.52756081233469,3.51183644149184,3.494902961445,3.47677587711404,3.45747237143955,3.43701137339137,3.41541362061904,3.39270171535954,3.36890017230424,3.34403545723438,3.31813601536073,3.29123228844433,3.26335671993063,3.23454374749388,3.20482978256078,3.17425317655781,3.14285417380347,3.11067485114038,3.07775904457179,3.04415226332832,3.0099015919426,2.97505558104917,2.93966412775341,2.90377834652461,2.86745043166409,2.83073351247832,2.79368150234976,2.7563489429435,2.71879084481748,2.6810625257169,2.6432194478315,2.60531705527793,2.56741061303914,2.52955504855051,2.49180479706879,2.45421365189602,2.41683462045853,2.37971978716097,2.34292018384901,2.30648566862341,2.27046481365252,2.2349048025327,2.19985133764652,2.16534855786817,2.13143896686619,2.09816337215472,2.06556083494826,2.03366863078169,2.00252222076718,1.97215523327436,1.94259945573931,1.91388483623245,1.88603949434577,1.85908974089607,1.83306010588357,1.80797337409421,1.7838506276899,1.76071129509317,1.73857320544231,1.71745264786864,1.69736443483085,1.67832196873025,1.66033731102705,1.64342125308003,1.62758338794039,1.61283218234529,1.59917504817672,1.58661841267697,1.57516778674319,1.56482783065861,1.55560241665859,1.54749468777306,1.54050711243488,1.53464153439365,1.52989921752759,1.52628088520092,1.52378675387025,1.52241656070033,1.5221695850069,1.52304466340099,1.52504019856515,1.5281541616467,1.53238408830632,1.537727068511,1.5441797302092,1.55173821707221,1.56039816052929,1.57015464636526,1.58100217618777,1.59293462410792,1.6059451890122,1.62002634283646,1.63516977528403,1.65136633546062,1.66860597092841,1.68687766471167,1.70616937081535,1.72646794884833,1.74775909837196,1.77002729362472,1.79325571930196,1.81742620809791,1.84251918074253,1.86851358928865,1.89538686442338,1.92311486759118,1.95167184872232,1.98103041035883,2.01116147895893,2.04203428413856,2.07361634657474,2.10587347524812,2.13876977464139,2.17226766243541,2.20632789815616,2.24090962312333,2.27597041193666,2.31146633560974,2.34735203632531,2.38358081364301,2.42010472184192,2.45687467792963,2.49384057969977,2.53095143307288,2.56815548781622,2.60540038060748,2.64263328429003,2.67980106206485,2.71685042527932,2.75372809340771,2.79038095477419,2.82675622654658,2.86280161253035,2.8984654573156,2.93369689537598,2.96844599378644,3.00266388731488,3.03630290474952,3.06931668544772,3.10166028522952,3.13329027088897,3.1641648027554,3.19424370490105,3.22348852276098,3.25186256809931,3.27933095142407,3.30586060211455,3.33142027668155,3.35598055572715,3.37951383030627,3.40199427851566,3.42339783324437,3.44370214211427,3.46288652071613,3.48093190030867,3.4978207711913,3.51353712298836,3.528066383092,3.54139535450314,3.55351215428597,3.56440615381054,3.57406792190235,3.58248917194714,3.58966271391455,3.59558241216719,3.60024314981306,3.60364080024019,3.6057722063447,3.60663516782843,3.60622843680163,3.60455172178167,3.60160570003231,3.5973920380416,3.59191341979224,3.58517358233764,3.57717735806359,3.56793072288938,3.55744084954765,3.5457161649795,3.53276641079337,3.51860270566379,3.50323760849167,3.48668518111126,3.46896104931236,3.45008246094936,3.43006833993188,3.40893933493434,3.38671786172363,3.36342813808366,3.3390962104111,3.31374997116723,3.28741916649327,3.26013539342908,3.23193208631474,3.20284449209913,3.1729096344252,3.14216626650741,3.11065481295776,3.07841730085316,3.04549728046375,3.01193973617978,2.97779098828037,2.94309858628032,2.90791119467131,2.87227847193853,2.83625094378578,2.79987987153887,2.76321711672132,2.72631500280731,2.68922617515624,2.65200346012137,2.6146997243043,2.57736773489678,2.54006002201474,2.50282874388584,2.46572555570368,2.42880148290894,2.39210679960213,2.35569091273376,2.31960225265786,2.28388817057253,2.24859484330889,2.21376718586639,2.17944877202904,2.14568176333328,2.1125068465953,2.07996318014181,2.04808834882604,2.01691832784834,1.98648745533924,1.95682841360228,1.92797221885421,1.89994821924196,1.87278410085852,1.84650590142517,1.82113803125417,1.79670330105548,1.77322295610324,1.75071671623336,1.72920282110244,1.70869808010147,1.68921792628565,1.67077647365408,1.65338657709116,1.6370598942651,1.62180694876852,1.60763719378189,1.59455907554271,1.5825800959116,1.57170687334168,1.56194520157872,1.55330010544689,1.54577589310833,1.5393762042236,1.5341040534843,1.52996186903765,1.52695152537643,1.52507437032415,1.52433124580568
44,1.39678590467057,1.39717521634157,1.39867184989688,1.401275263872,1.40498451047855,1.4097982219302,1.41571458956505,1.4227313359339,1.43084568009398,1.44005429641763,1.45035326729297,1.46173803015969,1.47420331938713,1.48774310356258,1.50235051881654,1.51801779886575,1.53473620250589,1.55249593933174,1.57128609450324,1.59109455341076,1.61190792712078,1.63371147950342,1.6564890569554,1.68022302163466,1.70489418911583,1.73048177135813,1.75696332584876,1.78431471174484,1.8125100537861,1.84152171468792,1.87132027665163,1.90187453254591,1.93315148722148,1.96511636932197,1.9977326538484,2.03096209562526,2.06476477370394,2.09909914662715,2.13392211836686,2.16918911464088,2.2048541692112,2.24087001967109,2.27718821214099,2.3137592142138,2.35053253542132,2.38745685443356,2.42448015215265,2.46154984982215,2.49861295123998,2.53561618813863,2.57250616777809,2.60922952178519,2.64573305526568,2.68196389521305,2.71786963723897,2.75339848965546,2.78849941394766,2.82312226068889,2.85721789996824,2.89073834542443,2.9236368710115,2.95586811966095,2.98738820305495,3.01815479178504,3.04812719524369,3.07726643068082,3.10553528095588,3.13289834062773,3.15932205014815,3.18477471806097,3.20922653125376,3.23264955346293,3.2550177123914,3.27630677595924,3.29649431836792,3.31555967681433,3.33348389983894,3.35024968842839,3.36584133111432,3.3802446344133,3.39344685003459,3.40543660034109,3.41620380358126,3.4257396004163,3.43403628324431,3.44108722977402,3.44688684222269,3.45143049340959,3.45471448088745,3.45673599010337,3.45749306740941,3.45698460355557,3.45521032809633,3.45217081493179,3.44786749898798,3.44230270382359,3.43547967973547,3.42740265172717,3.41807687650738,3.40750870750221,3.39570566669987,3.38267652200235,3.3684313686373,3.35298171308862,3.33634055793572,3.31852248595229,3.29954374180385,3.2794223097018,3.258177985417,3.23583244112886,3.2124092816837,3.18793409095652,3.16243446715147,3.13594004603432,3.10848251126244,3.0800955911607,3.05081504148144,3.02067861388028,2.98972601003311,2.95799882150954,2.92554045570285,2.89239604829052,2.85861236286344,2.82423767851118,2.78932166628487,2.75391525557699,2.71807049155708,2.68184038488392,2.6452787549785,2.60844006818684,2.57137927218926,2.53415162802315,2.49681254108015,2.45941739241782,2.42202137169053,2.38467931295682,2.34744553456082,2.31037368421613,2.27351659034199,2.23692612061603,2.20065304861545,2.16474692932182,2.12925598416318,2.0942269961642,2.05970521566952,2.02573427699999,1.99235612629629,1.95961096070053,1.92753717892522,1.89617134316007,1.86554815217289,1.83570042537032,1.80665909749912,1.77845322358913,1.75110999366523,1.72465475668864,1.69911105312703,1.67450065549939,1.65084361619499,1.62815832182612,1.60646155334224,1.58576855110827,1.56609308413168,1.54744752261274,1.52984291298843,1.51328905464376,1.49779457747426,1.48336701949944,1.47001290374959,1.45773781367664,1.4465464663732,1.43644278292317,1.42742995525032,1.41951050887931,1.41268636107454,1.40695887387693,1.40232890161548,1.39879683252944,1.3963626241969,1.39502583252666,1.3947856341309,1.3956408419566,1.39758991411281,1.4006309558883,1.40476171500973,1.40997957024321,1.41628151349233,1.42366412559306,1.43212354604981,1.44165543699818,1.4522549417184,1.46391663805879,1.47663448716231,1.49040177792073,1.50521106761142,1.52105411920101,1.53792183582955,1.55580419301803,1.57469016917161,1.59456767498187,1.61542348236191,1.63724315358069,1.6600109712944,1.68370987020498,1.70832137110607,1.73382551810528,1.76020081983624,1.78742419549376,1.81547092653861,1.84431461492294,1.87392714868253,1.90427867572499,1.93533758661324,1.96707050709925,1.9994423011038,2.03241608476243,2.06595325206666,2.1000135125229,2.13455494112943,2.16953404083733,2.20490581751398,2.24062386727235,2.2766404758661,2.31290672968441,2.34937263771375,2.38598726367001,2.42269886734728,2.45945505408234,2.49620293110012,2.53288926938778,2.56946066964664,2.60586373079429,2.64204521943543,2.67795223869114,2.71353239477263,2.74873395970778,2.78350602867631,2.81779867048119,2.85156306977954,2.88475165981194,2.91731824450485,2.94921810897234,2.9804081176086,3.01084679913817,3.04049441817405,3.06931303302072,3.09726653964712,3.12432070194077,3.15044316853469,3.17560347667263,3.19977304374067,3.22292514724452,3.24503489414839,3.2660791806124,3.28603664326965,3.3048876032699,3.32261400438488,3.33919934651833,3.35462861599338,3.36888821400007,3.38196588457711,3.39385064347498,3.40453270920218,3.41400343749484,3.42225526037143,3.42928163084093,3.4350769742257,3.43963664694006,3.4429569034343,3.44503487187291,3.44586853896648,3.44545674422159,3.44379918371296,3.44089642332044,3.43674992121106,3.4313620591865,3.42473618236077,3.41687664648413,3.40778887208983,3.39747940451241,3.38595597871161,3.37322758773832,3.35930455359758,3.34419859920313,3.32792292007714,3.31049225443012,3.29192295025956,3.27223302813183,3.25144223835958,3.22957211135669,3.2066460000414,3.18268911326636,3.15772853937747,3.13179325914106,3.10491414742664,3.07712396318873,3.04845732745163,3.01895068916339,2.98864227894556,2.95757205092161,2.92578161295538,2.89331414577006,2.86021431154533,2.82652815270399,2.79230298169824,2.75758726268921,2.72243048608092,2.68688303692108,2.65099605821771,2.61482131024125,2.57841102689001,2.54181777019111,2.50509428399307,2.46829334787947,2.43146763229859,2.39466955586138,2.35795114571226,2.32136390182446,2.28495866601481,2.24878549641347,2.21289354806263,2.17733096025486,2.14214475115779,2.10738072020671,2.07308335868151,2.03929576881863,2.00605959174312,1.97341494443992,1.94140036591797,1.91005277265507,1.87940742334612,1.84949789291232,1.82035605566468,1.79201207745123,1.76449441655481,1.73782983304696,1.71204340624362,1.6871585598508,1.66319709433327,1.64017922598726,1.6181236321495,1.59704750193041,1.57696659181925,1.55789528547402,1.53984665697944,1.52283253683277,1.50686357990014,1.49194933457516,1.47809831236823,1.46531805715775,1.45361521334489,1.44299559217086,1.43346423547923,1.42502547623694,1.4176829951642,1.41143987286617,1.40629863690771,1.40226130332528,1.39932941212748,1.39750405639697,1.39678590467057
45,1.27732191923882,1.27770864404819,1.27917383864802,1.28171704107254,1.28533746708883,1.29003399548236,1.29580514564146,1.30264904762286,1.31056340495312,1.31954545049334,1.32959189576456,1.34069887419997,1.35286187885667,1.3660756951832,1.3803343295004,1.39563093391033,1.4119577284016,1.42930592096846,1.44766562660435,1.46702578606813,1.48737408535176,1.50869687680053,1.53097910285061,1.55420422335322,1.57835414744725,1.60340917092531,1.62934792000796,1.65614730239914,1.68378246644206,1.71222676912838,1.74145175363589,1.77142713698175,1.8021208082801,1.83349883798729,1.86552549840551,1.89816329559924,1.93137301276024,1.96511376493825,1.99934306493806,2.03401690007154,2.06908981934746,2.1045150305834,2.14024450683529,2.17622910146053,2.21241867106203,2.24876220550147,2.28520796412214,2.32170361728178,2.35819639226551,2.39463322262477,2.43096089997078,2.46712622723803,2.50307617242397,2.53875802180539,2.57411953162778,2.60910907726302,2.64367579883212,2.6777697422943,2.71134199501321,2.74434481482608,2.77673175166434,2.80845776080631,2.83947930688579,2.86975445783635,2.89924296802172,2.92790634988837,2.95570793357857,2.98261291406026,3.00858838546393,3.03360336246528,3.05762878871331,3.08063753247512,3.10260436984716,3.12350595606534,3.14332078562848,3.1620291421285,3.17961303884967,3.19605615135748,3.21134374343748,3.22546258786512,3.23840088358371,3.25014817093725,3.26069524664566,3.27003408022003,3.27815773349392,3.28506028489393,3.29073675998809,3.29518306973692,3.29839595772908,3.30037295751667,3.30111236097421,3.30061319839703,3.29887523083069,3.29589895488846,3.29168562007358,3.28623725838078,3.27955672571255,3.27164775441439,3.26251501601401,3.25216419304638,3.24060205866358,3.22783656256848,3.21387692167832,3.19873371381915,3.18241897267807,3.16494628219755,3.14633086858527,3.12658968813461,3.10574150910314,3.08380698597867,3.06080872457244,3.03677133651378,3.01172148187778,2.98568789885339,2.95870141955,2.93079497124277,2.90200356256584,2.87236425437492,2.84191611521242,2.81070016151525,2.7787592829049,2.74613815308798,2.71288312707019,2.67904212554629,2.64466450747015,2.60980093193218,2.57450321057482,2.53882415186023,2.50281739856767,2.46653725994211,2.43003853994009,2.39337636302581,2.35660599896009,2.31978268799869,2.28296146787632,2.24619700389899,2.20954342340235,2.17305415575862,2.13678177903047,2.10077787427891,2.06509288843446,2.02977600653863,1.99487503405589,1.96043628984821,1.92650451029311,1.8931227649158,1.86033238379548,1.82817289689665,1.79668198537018,1.7658954447648,1.73584715999037,1.70656909177916,1.67809127430147,1.6504418235079,1.62364695569284,1.59773101570264,1.5727165141478,1.54862417292184,1.5254729782805,1.50328024069287,1.48206166064292,1.46183139953327,1.44260215482511,1.42438523853745,1.4071906582256,1.39102719956329,1.37590250966402,1.36182318029537,1.34879483016514,1.33682218548884,1.32590915808514,1.3160589202881,1.30727397601202,1.29955622735657,1.29290703619487,1.28732728024618,1.28281740319565,1.27937745848688,1.27700714647725,1.27570584471076,1.27547263112794,1.27630630009586,1.27820537120421,1.28116809083311,1.28519242655661,1.29027605450026,1.29641633982303,1.30361031054139,1.31185462495832,1.32114553300054,1.33147883180514,1.34284981593122,1.35525322260447,1.3686831724324,1.3831331060569,1.39859571723859,1.41506288289531,1.43252559064558,1.45097386443707,1.4703966888713,1.49078193286767,1.51211627334457,1.53438511962976,1.55757253934878,1.58166118657529,1.60663223306169,1.63246530339974,1.6591384149877,1.68662792370105,1.71490847617603,1.74395296961682,1.77373252002704,1.80421643974112,1.83537222509121,1.86716555498796,1.8995603011183,1.93251855037086,1.96600063998824,1.99996520581781,2.03436924388875,2.06916818538538,2.10431598491812,2.13976522181552,2.17546721397858,2.211372143654,2.24742919430138,2.2835866975539,2.31979228910621,2.35599307221235,2.39213578734238,2.42816698643312,2.46403321007879,2.4996811659433,2.53505790663874,2.57011100530654,2.60478872715751,2.63904019527572,2.67281554906687,2.70606609383434,2.73874444009143,2.77080463136642,2.80220225942271,2.83289456599813,2.86284053036093,2.8920009421818,2.92033845942824,2.94781765119551,2.97440502559427,3.0000690430156,3.02478011528562,3.04851059140322,3.07123473072066,3.09292866457894,3.11357034754282,3.13313949949585,3.15161753995029,3.16898751600151,3.18523402540919,3.20034313632017,3.21430230515809,3.22710029419544,3.23872709029339,3.2491738262446,3.25843270608648,3.26649693566536,3.27336065963013,3.27901890591529,3.28346753864193,3.2867032202206,3.28872338328545,3.28952621292496,3.28911063950397,3.28747634219619,3.28462376316783,3.28055413217488,3.27526950115974,3.26877278826164,3.26106783049055,3.25215944416024,3.24205349203417,3.23075695601105,3.21827801406772,3.20462612008728,3.18981208513206,3.17384815867596,3.15674810828956,3.13852729627527,3.11920275177868,3.09879323695575,3.07731930585287,3.05480335475638,3.03126966288839,3.00674442246348,2.98125575727418,2.95483372913795,2.92751033171176,2.89931947135889,2.87029693493157,2.84048034451075,2.80990909931516,2.77862430515489,2.7466686919553,2.71408652001461,2.68092347577988,2.64722655803063,2.61304395544637,2.57842491660311,2.54341961349512,2.50807899971228,2.47245466442118,2.43659868330135,2.40056346757771,2.36440161226818,2.32816574473354,2.29190837457575,2.25568174588366,2.21953769277198,2.18352749910201,2.14770176321237,2.11211026842514,2.07680186002853,2.0418243293717,2.00722430564146,1.9730471558236,1.93933689328482,1.90613609534403,1.87348583013385,1.8414255929856,1.80999325250258,1.77922500641823,1.74915534726689,1.71981703782627,1.691241096222,1.66345679051664,1.63649164253771,1.61037144063305,1.58512026097721,1.56076049698927,1.53731289636319,1.51479660515419,1.49322921831235,1.47262683600577,1.4530041250325,1.43437438458252,1.41674961557988,1.4001405928099,1.38455693901898,1.37000720016365,1.35649892098324,1.34403872007473,1.33263236366127,1.32228483726561,1.31300041452697,1.30478272243427,1.29763480228927,1.29155916576039,1.28655784544014,1.28263243937678,1.27978414911229,1.27801381082442,1.27732191923882
46,1.16568165488877,1.16606506191033,1.16749640386445,1.16997530278409,1.17350114338844,1.17807305727627,1.1836898989336,1.19035021375025,1.19805219831581,1.20679365333915,1.21657192960871,1.2273838674817,1.23922573045884,1.252093133468,1.26598096654354,1.28088331464855,1.29679337444355,1.31370336885728,1.33160446036159,1.35048666389316,1.37033876039754,1.39114821199647,1.41290107979481,1.43558194534897,1.45917383681297,1.48365816076019,1.50901464064819,1.53522126285015,1.5622542311191,1.59008793028115,1.61869489987056,1.64804581832576,1.67810949826032,1.70885289321009,1.74024111613808,1.77223746985482,1.80480348938615,1.83789899619586,1.87148216404805,1.90550959617801,1.93993641333125,1.97471635212992,2.00980187313658,2.04514427790615,2.08069383425017,2.11639990888074,2.1522111065564,2.18807541481562,2.22394035335542,2.25975312709103,2.29546078191552,2.33101036216502,2.36634906878394,2.40142441717451,2.43618439370543,2.47057760984614,2.50455345288501,2.53806223218514,2.57105531992938,2.6034852853105,2.63530602113451,2.66647286182749,2.69694269187125,2.72667404374378,2.7556271845071,2.78376419027137,2.81104900786901,2.83744750319792,2.86292749583677,2.88745877969786,2.91101312966098,2.93356429432278,2.95508797519691,2.97556179290611,2.9949652411145,3.01327962915115,3.03048801447036,3.04657512627423,3.0615272817848,3.07533229679197,3.08797939221539,3.09945909850008,3.10976315971506,3.11888443923829,3.12681682889074,3.13355516332495,3.13909514138206,3.14343325600542,3.14656673414176,3.14849348787545,3.14921207783069,3.14872168964457,3.14702212406609,3.14411380097586,3.13999777735508,3.1346757789636,3.12815024522289,3.12042438654349,3.11150225309419,3.10138881378627,3.09009004404413,3.07761302075783,3.06396602266717,3.04915863431179,3.03320185160173,3.01610818701717,2.99789177243606,2.9785684576139,2.95815590239989,2.93667366086607,2.91414325564918,2.89058824095575,2.86603425285503,2.84050904567957,2.81404251356393,2.7866666963742,2.7584157695107,2.72932601729813,2.69943578990808,2.66878544398325,2.6374172673479,2.60537538839151,2.57270567089917,2.53945559527086,2.50567412722092,2.47141157517677,2.43671943770233,2.40165024235602,2.36625737745568,2.33059491826463,2.29471744913437,2.2586798831418,2.22253728074377,2.18634466894023,2.15015686239124,2.11402828787402,2.07801281339525,2.04216358319352,2.00653285977689,1.97117187404425,1.93613068443606,1.90145804595304,1.86720128976968,1.83340621405617,1.80011698650671,1.76737605895684,1.73522409435648,1.7036999062519,1.67284041081785,1.64268059137217,1.61325347520093,1.58459012242144,1.55671962651601,1.52966912608051,1.5034638272492,1.47812703618242,1.4536802009356,1.43014296196823,1.40753321049928,1.38586715387186,1.36515938705429,1.34542296937787,1.32666950559261,1.30890923031165,1.29215109491293,1.27640285597161,1.26167116431035,1.2479616537747,1.23527902886825,1.22362715041669,1.21300911846953,1.20342735169481,1.19488366257282,1.18737932775063,1.18091515297894,1.17549153211564,1.17110849974587,1.16776577703611,1.16546281050777,1.16419880348531,1.16397274004179,1.16478340133256,1.16662937427305,1.16950905257998,1.17342063025511,1.17836208764757,1.18433117028318,1.19132536069829,1.19934184355973,1.20837746439347,1.21842868228077,1.22949151691413,1.24156149043555,1.25463356450762,1.26870207309477,1.2837606514575,1.29980216188898,1.31681861674989,1.33480109938628,1.35373968354588,1.3736233519415,1.39443991464607,1.4161759280419,1.43881661508676,1.46234578770018,1.48674577211366,1.51199733806699,1.53807963276738,1.56497012055676,1.59264452925256,1.62107680413746,1.65023907056989,1.6801016061689,1.71063282349157,1.74179926406718,1.77356560457842,1.80589467588626,1.8387474954803,1.87208331380301,1.90585967474366,1.94003249042963,1.97455613026034,2.00938352393663,2.04446627803873,2.07975480550384,2.11519846715324,2.15074572422407,2.18634430067607,2.22194135387366,2.25748365209212,2.29291775716761,2.32819021050705,2.36324772059811,2.39803735011402,2.43250670069367,2.46660409349437,2.50027874366441,2.53348092696154,2.56616213685293,2.5982752305677,2.62977456273326,2.66061610540783,2.69075755352016,2.72015841493961,2.7487800846219,2.77658590250324,2.80354119504506,2.82961330055838,2.85477157865778,2.87898740440704,2.90223414791735,2.92448714034333,2.94572362738857,2.96592271157964,2.98506528469371,3.00313395182893,3.02011294868814,3.03598805370431,3.0507464966708,3.06437686555091,3.07686901312964,3.08821396513736,3.09840383141972,3.1074317216533,3.1152916670118,3.12197854907505,3.12748803714433,3.13181653498315,3.13496113784518,3.13691960048185,3.13769031664323,3.13727231039927,3.13566523941617,3.13286941012819,3.12888580454891,3.12371611827305,3.11736280903112,3.10982915497853,3.10111932173068,3.09123843699905,3.08019267154308,3.06798932503178,3.05463691530916,3.04014526948187,3.02452561519688,3.00779067045329,2.98995473029654,2.97103374877475,2.95104541459645,2.93000921901469,2.90794651457327,2.88488056348441,2.86083657456023,2.83584172779103,2.80992518584591,2.78311809196393,2.75545355390097,2.7269666137955,2.69769420401138,2.6676750892035,2.6369497950293,2.60556052409292,2.57355105985598,2.54096665937892,2.50785393586634,2.47426073208011,2.44023598575374,2.40582958819127,2.37109223726545,2.33607528604339,2.30083058826554,2.26541034188817,2.2298669318703,2.1942527733486,2.15862015629615,2.12302109270865,2.08750716730316,2.05212939265311,2.01693806961939,1.98198265387171,1.9473116292279,1.91297238847165,1.87901112224194,1.84547271651924,1.81240065916582,1.7798369559087,1.74782205608468,1.71639478839712,1.68559230686321,1.65545004705949,1.62600169270051,1.59727915251315,1.56931254729551,1.5421302069762,1.51575867741651,1.49022273662636,1.4655454199939,1.44174805406046,1.41885029830688,1.39687019435535,1.37582422193305,1.35572736089164,1.3365931585296,1.31843380142424,1.3012601909467,1.28508202160766,1.26990786136343,1.25574523300221,1.24260069572937,1.23047992607699,1.21938779727875,1.20932845627423,1.20030539753797,1.19232153296716,1.18537925710691,1.1794805070438,1.17462681635513,1.17081936256384,1.16805900761443,1.16634633095584,1.16568165488877
47,1.0615884944292,1.06196777579029,1.06336301477581,1.06577392197514,1.06920005595773,1.07364080632709,1.07909536812125,1.0855627077668,1.09304152087162,1.10153018221677,1.1110266883831,1.12152859352064,1.13303293884012,1.14553617647477,1.15903408842657,1.17352170137488,1.1889931981843,1.20544182700449,1.22285980890409,1.24123824502478,1.26056702427813,1.28083473263515,1.30202856507716,1.32413424128323,1.34713592612495,1.37101615602094,1.39575577217199,1.42133386165137,1.44772770726442,1.47491274701642,1.50286254393944,1.5315487669278,1.56094118311984,1.59100766224279,1.62171419321001,1.65302491312795,1.68490214873732,1.71730647018118,1.75019675686532,1.78353027505545,1.81726276674386,1.85134854921711,1.8857406246669,1.92039079910945,1.95524980981468,1.99026746039407,2.02539276265515,2.06057408429856,2.09575930150967,2.13089595547782,2.16593141186162,2.20081302220496,2.23548828629512,2.26990501444024,2.3040114886273,2.33775662150428,2.37109011211235,2.40396259727628,2.43632579754697,2.46813265658061,2.4993374728381,2.5298960224991,2.55976567250972,2.588905482726,2.61727629617741,2.64484081655993,2.67156367217581,2.69741146566953,2.72235280906426,2.74635834378049,2.76940074551481,2.79145471406963,2.81249694844907,2.83250610776843,2.85146275875825,2.86934931087406,2.88614994024377,2.90185050388979,2.91643844584787,2.92990269696342,2.94223357027534,2.95342265399154,2.96346270411906,2.97234753883021,2.98007193662563,2.98663154029382,2.99202276856657,2.99624273723149,2.99928919128996,3.00116044954355,3.00185536275994,3.00137328631271,2.99971406791584,2.99687805078663,2.99286609227641,2.98767959771299,2.98132056890708,2.97379166649333,2.96509628501007,2.95523863937565,2.94422386119783,2.93205810316047,2.9187486495716,2.9043040310329,2.88873414110328,2.87205035278113,2.85426563262107,2.83539465033085,2.81545388176239,2.79446170331464,2.77243847590344,2.74940661682067,2.72539065799839,2.70041728940881,2.67451538656278,2.64771602131362,2.62005245542391,2.59156011660613,2.56227655699756,2.53224139427311,2.5014962358306,2.47008458669945,2.438051742022,2.40544466513397,2.37231185242677,2.33870318630589,2.30466977766841,2.27026379940651,2.23553831250549,2.20054708634264,2.16534441481104,2.12998492988957,2.09452341425952,2.05901461453156,2.02351305659411,1.98807286453019,1.95274758447283,1.91759001468369,1.88265204304477,1.8479844930519,1.8136369792916,1.77965777327069,1.74609368035293,1.71298992843885,1.6803900689051,1.64833589019938,1.61686734436701,1.58602248666597,1.55583742831046,1.52634630226908,1.4975812419333,1.46957237236648,1.44234781374368,1.41593369649787,1.39035418760179,1.36563152733406,1.34178607580658,1.31883636846665,1.29679917973188,1.2756895938699,1.25552108219776,1.23630558564743,1.21805360172471,1.20077427487875,1.18447548929736,1.16916396315068,1.15484534332056,1.14152429967624,1.12920461798711,1.11788929060105,1.10758060406062,1.09828022287932,1.0899892687556,1.08270839456198,1.07643785251115,1.07117755596801,1.06692713444665,1.06368598140322,1.06145329450814,1.06022810815432,1.06000931803006,1.06079569765648,1.06258590685763,1.0653784921977,1.06917187948153,1.07396435847327,1.07975406004181,1.08653892599053,1.09431667187397,1.1030847431431,1.11284026499694,1.12357998634925,1.13530021834769,1.14799676790797,1.16166486675001,1.17629909644622,1.19189331001583,1.20844055062417,1.22593296797322,1.24436173299988,1.26371695153209,1.28398757759028,1.30516132706259,1.32722459252609,1.35016236003229,1.37395812872189,1.39859383417965,1.42404977648286,1.45030455393398,1.47733500349754,1.50511614897946,1.53362115799193,1.56282130873599,1.59268596760416,1.62318257855568,1.65427666514528,1.68593184599212,1.71810986435821,1.75077063236656,1.78387229022898,1.81737128067387,1.8512224385696,1.88537909553062,1.9197931990769,1.95441544569613,1.98919542693759,2.0240817874513,2.05902239368102,2.09396451173017,2.12885499274918,2.16364046404702,2.19826752401056,2.23268293882747,2.26683383895258,2.30066791323722,2.3341335986542,2.36718026360095,2.39975838284593,2.43181970229936,2.46331739193483,2.49420618536154,2.52444250474346,2.55398456997788,2.58279249127805,2.61082834454726,2.63805622918132,2.66444230818801,2.68995483076124,2.71456413769035,2.73824265021783,2.7609648431772,2.78270720344492,2.80344817492292,2.82316809142937,2.84184909901331,2.85947506932233,2.87603150574082,2.89150544407915,2.90588534963124,2.91916101242968,2.9313234425145,2.94236476699449,2.95227813061947,2.9610576014997,2.96869808350517,2.97519523675537,2.98054540746922,2.98474556828849,2.9877932700168,2.98968660553234,2.99042418643825,2.99000513281185,2.98842907620479,2.98569617583432,2.98180714769238,2.97676330608826,2.97056661693455,2.96321976188822,2.95472621227205,2.94509031152974,2.93431736481369,2.92241373417073,2.90938693768084,2.89524575081981,2.88000030826014,2.86366220429794,2.84624459009727,2.82776226597779,2.8082317670371,2.78767144049358,2.76610151325798,2.74354414838972,2.72002348926365,2.6955656904612,2.67019893460232,2.64395343454718,2.61686142061385,2.58895711267601,2.56027667721877,2.53085816963533,2.5007414622403,2.46996815865199,2.43858149535428,2.40662623138606,2.37414852722148,2.34119581399688,2.30781665431026,2.27406059586713,2.23997801927396,2.2056199812889,2.17103805483103,2.13628416702603,2.10141043653132,2.0664690113377,2.03151190819201,1.99659085472586,1.96175713531321,1.92706144161318,1.89255372868813,1.85828307751866,1.82429756466925,1.79064413979038,1.75736851157417,1.72451504271317,1.69212665434242,1.66024474037612,1.62890909207956,1.59815783314523,1.56802736546924,1.53855232574906,1.50976555294779,1.48169806659229,1.45437905579423,1.42783587880389,1.40209407282712,1.37717737375789,1.35310774540126,1.32990541768725,1.30758893330402,1.2861752021116,1.26567956263445,1.24611584987449,1.22749646863591,1.20983247151031,1.19313364063576,1.17740857231707,1.16266476357683,1.14890869969858,1.13614594182404,1.12438121367622,1.11361848649927,1.10386106133299,1.09511164777593,1.08737243843389,1.08064517830097,1.07493122837682,1.07023162288537,1.06654711952736,1.06387824226946,1.06222531624641,1.0615884944292
48,0.964750586171674,0.965124871682429,0.966481929926584,0.96882156456066,0.972143512312844,0.976447424857805,0.981732841590716,0.987999153520206,0.995245558578447,1.003471008724,1.012674149289,1.02285325109693,1.03400613595029,1.04613009615864,1.05922180884644,1.07327724584641,1.08829158004733,1.10425908912344,1.12117305762707,1.13902567847286,1.15780795488249,1.17750960388963,1.19811896252589,1.21962289781759,1.24200672171984,1.26525411209596,1.28934704081805,1.31426571001539,1.33998849743351,1.36649191178637,1.39375055888972,1.42173711925514,1.45042233770419,1.47977502543284,1.50976207481932,1.54034848712887,1.57149741312719,1.60317020647617,1.63532648965216,1.66792423200223,1.70091983943982,1.7342682551796,1.76792307082351,1.80183664703634,1.83596024298979,1.87024415370724,1.90463785440653,1.93909015091252,1.97354933519265,2.00796334505427,2.04227992703062,2.07644680146903,2.11041182882008,2.14412317610704,2.17752948253192,2.210580023147,2.24322486949019,2.27541504605134,2.30710268140668,2.33824115283358,2.36878522320155,2.39869116893188,2.4279168978308,2.45642205563464,2.48416812016182,2.51111848204959,2.53723851116381,2.56249560790892,2.58685923883221,2.61030095610949,2.63279440071555,2.65431528931916,2.67484138519298,2.69435245368898,2.71283020309289,2.73025821193093,2.74662184405118,2.76190815303484,2.77610577770167,2.78920483065489,2.80119678195733,2.8120743401393,2.82183133280594,2.83046258913528,2.83796382653737,2.84433154367876,2.84956292196704,2.85365573743852,2.85660828480182,2.85841931516476,2.85908798871564,2.85861384334869,2.85699677992187,2.85423706451996,2.8503353477727,2.84529270095336,2.83911066826339,2.83179133440039,2.82333740621484,2.81375230699192,2.80304028165315,2.79120651096302,2.77825723265201,2.7641998672327,2.7490431461923,2.73279724019412,2.71547388491299,2.69708650216502,2.67765031406876,2.65718244809139,2.63570203098575,2.61323026980945,2.58979051843054,2.56540832816082,2.54011148141227,2.5139300075392,2.48689618030182,2.45904449666214,2.43041163689299,2.40103640624272,2.37095965864559,2.34022420319784,2.30887469432941,2.27695750678692,2.2445205967055,2.2116133501824,2.17828642087451,2.14459155822541,2.11058142798598,2.07630942672672,2.0418294920522,2.00719591022006,1.97246312283962,1.93768553428239,1.90291732137877,1.86821224690459,1.8336234782801,1.79920341281269,1.76500351071652,1.73107413703627,1.69746441349185,1.66422208114484,1.63139337466896,1.59902290888474,1.56715357809509,1.5358264686338,1.50508078491454,1.47495378914357,1.44548075473781,1.41669493336959,1.38862753544413,1.36130772370384,1.33476261954778,1.30901732155468,1.28409493560525,1.2600166159147,1.23680161620954,1.21446735021539,1.19302946056397,1.17250189517851,1.15289699015802,1.13422555815136,1.11649698119263,1.09971930695958,1.08389934741635,1.06904277881049,1.05515424201193,1.0422374422073,1.03029524699702,1.01932978198379,1.00934252298883,1.00033438408699,0.992305800711075,0.985256807140638,0.979187107759075,0.974096141534827,0.969983139257,0.966847173131924,0.964687198424083,0.963502086901816,0.963290651924199,0.964051665079728,0.965783864359161,0.968485953913165,0.972156595509859,0.976794391867083,0.9823978620891,0.988965409486981,0.996495282106118,1.00498552632324,1.01443393390931,1.02483798298407,1.03619477331392,1.04850095642756,1.06175266104499,1.07594541433581,1.09107405954385,1.1071326705376,1.1241144638716,1.14201170897324,1.16081563710286,1.18051634977401,1.20110272736362,1.22256233869002,1.24488135238753,1.26804445095982,1.29203474844753,1.31683371269676,1.34242109326187,1.3687748560141,1.39587112555611,1.42368413655574,1.45218619510968,1.4813476512247,1.51113688345915,1.54152029669883,1.57246233394727,1.60392550289147,1.63587041785963,1.66825585761958,1.70103883927677,1.73417470832225,1.7676172446579,1.80131878419124,1.83523035535268,1.86930182964658,1.90348208511155,1.93771918133931,1.97196054449086,2.00615316055933,2.04024377496416,2.07417909642676,2.10790600297577,2.14137174786432,2.17452416315265,2.20731185871976,2.23968441451605,2.27159256395515,2.30298836646516,2.33382536737561,2.36405874350191,2.39364543300218,2.42254424831551,2.45071597124342,2.47812342950074,2.50473155433452,2.53050741908479,2.55542025883302,2.57944147155031,2.60254460141105,2.62470530517768,2.64590130278237,2.66611231343113,2.68531997873139,2.70350777449415,2.72066091298506,2.73676623749448,2.75181211116392,2.7657883020459,2.77868586638622,2.79049703210217,2.80121508438951,2.8108342553244,2.81934961923677,2.82675699551948,2.83305286040455,2.83823426908562,2.84229878939644,2.84524444807,2.84706969040436,2.8477733539513,2.84735465662451,2.84581319939847,2.84314898353903,2.83936244207591,2.83445448499791,2.82842655742782,2.82128070981825,2.81301967900605,2.80364697877466,2.79316699840451,2.78158510754445,2.76890776561569,2.75514263386596,2.74029868812914,2.72438633031476,2.70741749665513,2.68940576077505,2.67036642972006,2.6503166311832,2.62927539030442,2.60726369457968,2.58430454560366,2.56042299657768,2.5356461747374,2.51000328808869,2.48352561607936,2.45624648407308,2.42820122172578,2.39942710558832,2.36996328646804,2.33985070227238,2.30913197722678,2.27785130850454,2.24605434142639,2.21378803448253,2.18110051549915,2.14804093031661,2.11465928536931,2.08100628555913,2.04713316879901,2.01309153857204,1.97893319580867,1.94470997133137,1.9104735600565,1.8762753580782,1.8421663036911,1.8081967233399,1.7744161834132,1.7408733487305,1.70761584850137,1.67469015046809,1.64214144387478,1.61001353183787,1.57834873362448,1.54718779727508,1.51656982293593,1.48653219719307,1.45711053862425,1.42833865470664,1.40024851013799,1.37287020654587,1.34623197347507,1.32036017045765,1.29527929988371,1.27101203030538,1.24757922972214,1.22500000831354,1.2032917700074,1.18247027219753,1.16254969285751,1.14354270423533,1.12546055226071,1.10831314075132,1.09210911946823,1.07685597504472,1.06256012379554,1.04922700540793,1.03686117651889,1.02546640319703,1.01504575137048,1.00560167427456,0.997136096033631,0.989650490540264,0.983145954850185,0.977623276373355,0.97308299320845,0.969525447039457,0.966950828088129,0.965359211693778,0.964750586171674
49,0.874864346605902,0.87523272060299,0.876549702671733,0.87881519388107,0.882029112736007,0.886191375843088,0.891301869052925,0.897360409310761,0.904366697525254,0.912320262843739,0.921220398799374,0.931066091871574,0.941855943076027,0.953588083274051,0.966260082962836,0.979868857377689,0.994410567804004,1.00988052005958,1.02627306116586,1.04358147527845,1.06179787999158,1.08091312416602,1.10091668845445,1.12179658970987,1.14353929046046,1.16612961461709,1.18955067054526,1.2137837825826,1.23880843201446,1.26460220843466,1.29114077231662,1.3183978295038,1.34634511819906,1.37495240889342,1.4041875175283,1.43401633203577,1.4644028522512,1.49530924304686,1.5266959003957,1.55852152994607,1.59074323757186,1.62331663126187,1.6561959336266,1.68933410423207,1.72268297091681,1.75619336920926,1.78981528893605,1.82349802709376,1.85719034604609,1.89084063609964,1.92439708150326,1.95780782890434,1.99102115727852,2.02398564832498,2.05665035628853,2.08896497613054,2.12088000892655,2.15234692332063,2.18331831181913,2.21374804066309,2.24359139198434,2.27280519692998,2.30134795843826,2.32917996237083,2.35626337575557,2.38256233097402,2.40804299484026,2.43267362166366,2.45642458956755,2.47926841954547,2.50117977697519,2.52213545557182,2.54211434404075,2.56109737598168,2.57906746388979,2.5960094183914,2.61190985413174,2.62675708399413,2.64054100356564,2.65325296796799,2.66488566333788,2.67543297536407,2.68488985736498,2.69325220041884,2.70051670803647,2.70668077779556,2.71174239223493,2.71570002114169,2.71855253715482,2.7202991463616,2.72093933528255,2.72047283533184,2.71889960551008,2.71621983374173,2.71243395691572,2.70754269933398,2.7015471289236,2.69444873023218,2.68624949290817,2.67695201407534,2.66655961274818,2.65507645420744,2.64250768206764,2.62885955562276,2.61413958995682,2.59835669625264,2.58152131972651,2.56364557265719,2.54474336006442,2.52483049572102,2.50392480635187,2.48204622207688,2.45921685138964,2.43546103922298,2.41080540693043,2.38527887330387,2.35891265604432,2.3317402534006,2.30379740598166,2.27512203902918,2.24575418570071,2.21573589215823,2.18511110547694,2.15392554558375,2.12222656260126,2.09006298111112,2.05748493295999,2.02454368031239,1.99129143070947,1.95778114592181,1.92406634639074,1.89020091303784,1.85623888818896,1.8222342773096,1.7882408531845,1.75431196409865,1.72050034749049,1.6868579504534,1.65343575835901,1.62028363276761,1.58745015967689,1.55498250904222,1.52292630637975,1.49132551713887,1.46022234440346,1.42965714035315,1.39966833178642,1.37029235987886,1.34156363422189,1.31351450106209,1.28617522553889,1.25957398760046,1.23373689116523,1.20868798599011,1.18444930160786,1.16104089260527,1.13848089443234,1.11678558886033,1.09596947814493,1.0760453668987,1.0570244506366,1.03891640992772,1.02172950906697,1.00547069817146,0.990145717607417,0.975759203664379,0.962314794414171,0.949815234721176,0.938262479408375,0.927657793628994,0.918001849546015,0.909294818480817,0.901536457756577,0.894726191531482,0.888863184990146,0.8839464113383,0.879974711124765,0.876946843495219,0.874861529063339,0.873717484165642,0.873513446345894,0.874248190992405,0.875920539125996,0.878529356407159,0.882073543497192,0.886552017969276,0.891963688021086,0.898307418290287,0.905581988118082,0.913786042643821,0.922918037146068,0.932976175072776,0.943958340226369,0.955862023589325,0.968684245293768,0.982421472255604,0.997069532011585,1.01262352331757,1.02907772408951,1.04642549729671,1.06465919545006,1.08377006436756,1.10374814694506,1.12458218771117,1.14625953900204,1.16876606965118,1.19208607715053,1.21620220429948,1.24109536141417,1.26674465521837,1.29312732557522,1.32021869124256,1.34799210584033,1.37641892520328,1.40546848725302,1.43510810545834,1.4653030768601,1.49601670551622,1.52721034207354,1.55884343999831,1.59087362879672,1.6232568043359,1.65594723613674,1.68889769125785,1.72205957413068,1.75538308144371,1.78881737091638,1.82231074255538,1.85581083075409,1.88926480538606,1.92261957985983,1.95582202395081,1.98881917910963,2.02155847386875,2.0539879369322,2.0860564055383,2.11771372673284,2.14891094927853,2.1796005040553,2.20973637097143,2.23927423060467,2.26817159902137,2.29638794447489,2.32388478495813,2.35062576587203,2.37657671736843,2.40170569122437,2.42598297740223,2.44938110073909,2.47187479848596,2.49344097967809,2.51405866755754,2.53370892648619,2.55237477497765,2.5700410866393,2.58669448094857,2.60232320589053,2.61691701455604,2.63046703784128,2.64296565540131,2.65440636699292,2.66478366629619,2.6740929192322,2.68233024869619,2.68949242750445,2.69557678120902,2.70058110227091,2.70450357689957,2.70734272566776,2.70909735879725,2.7097665467851,2.70934960680474,2.70784610507296,2.70525587512658,2.70157905170318,2.69681611967305,2.69096797722687,2.68403601228993,2.6760221909124,2.66692915617976,2.65676033600286,2.64552005798531,2.63321366943245,2.61984766046235,2.60542978810928,2.58996919927521,2.57347655038706,2.55596412165675,2.53744592391824,2.51793779612856,2.49745749176688,2.47602475254391,2.45366136803897,2.43039122011003,2.40624031116694,2.38123677565438,2.35541087435349,2.32879497137206,2.30142349394835,2.27333287543662,2.24456148206824,2.21514952428711,2.18513895363841,2.154573346343,2.1234977748149,2.0919586684752,2.06000366528462,2.02768145545763,1.99504161883841,1.96213445741366,1.92901082441339,1.89572195141142,1.86231927478545,1.82885426283606,1.79537824479643,1.76194224289441,1.72859680855552,1.69539186376308,1.66237654852001,1.62959907528594,1.59710659119482,1.56494504879019,1.53315908594843,1.50179191559295,1.4708852257348,1.44047909030513,1.4106118911733,1.38132025166924,1.35263898185025,1.32460103567056,1.29723748012631,1.27057747635978,1.24464827261557,1.21947520884778,1.19508173268329,1.17148942635236,1.14871804410483,1.12678555954109,1.10570822220088,1.08550062267319,1.06617576541667,1.04774514841487,1.0302188487331,1.01360561299755,0.997912951779725,0.983147236844296,0.969313800203052,0.956417033914731,0.944460489577666,0.933446976480607,0.923378657405414,0.914257141113263,0.906083570592691,0.898858706202252,0.892583002902013,0.887256680835383,0.882879788595028,0.879452258582798,0.876973953952834,0.875444706708406,0.874864346605902
50,0.791617708132459,0.791979227877875,0.793254430623968,0.795443318904769,0.79854599582424,0.802562644494656,0.807493497558773,0.813338797036598,0.820098744816692,0.827773444190278,0.836362832904141,0.845866608285396,0.856284145067741,0.867614406624552,0.879855850388888,0.893006328313544,0.907062983295067,0.922022142553033,0.937879209018793,0.95462855184469,0.972263397193929,0.990775720510893,1.0101561415,1.03039382305605,1.05147637538892,1.07338976656848,1.09611824068079,1.11964424473287,1.14394836537053,1.16900927638206,1.19480369785101,1.22130636769587,1.24849002619489,1.27632541394445,1.30478128354213,1.33382442512522,1.36341970573605,1.39353012233122,1.4241168681064,1.45513941167586,1.4865555885284,1.51832170408149,1.55039264757437,1.58272201597771,1.61526224705274,1.64796476066309,1.68078010742597,1.71365812378209,1.74654809256182,1.77939890812434,1.8121592451433,1.8447777301033,1.87720311455268,1.90938444912944,1.94127125733629,1.9728137079896,2.0039627852066,2.03467045472913,2.06488982531442,2.09457530385925,2.12368274286871,2.15216957884135,2.17999496012392,2.20711986279777,2.23350719319894,2.25912187575054,2.28393092489951,2.30790350010371,2.33101094300723,2.35322679617001,2.37452680297972,2.39488888866222,2.41429312261702,2.43272166262766,2.4501586818256,2.46659027961174,2.48200437805293,2.49639060556335,2.50974016994442,2.5220457230848,2.53330121980667,2.5435017734829,2.55264351113505,2.56072343075501,2.56773926356941,2.57368934388863,2.57857248905053,2.58238789178746,2.58513502711627,2.58681357558079,2.58742336436929,2.58696432749283,2.58543648585057,2.58283994763264,2.57917492912666,2.57444179560949,2.56864112162663,2.56177376959743,2.5538409853398,2.54484450879141,2.5347866979206,2.52367066357508,2.51150041281392,2.49828099811309,2.4840186697281,2.46872102844197,2.45239717592302,2.43505785996397,2.41671561197041,2.39738487420966,2.37708211451727,2.3558259263822,2.3336371125887,2.31053875087588,2.2865562403791,2.26171732793319,2.23605211363905,2.20959303541606,2.18237483257602,2.15443448875376,2.12581115481077,2.09654605258588,2.06668236059774,2.03626508300587,2.00534090330749,1.973958024387,1.94216599664293,1.91001553599527,1.87755833362549,1.8448468593249,1.81193416032617,1.77887365747115,1.74571894052777,1.71252356441249,1.67934084800554,1.64622367716471,1.61322431345367,1.58039421000203,1.54778383580974,1.51544250969757,1.48341824498986,1.45175760589581,1.4205055764318,1.38970544260015,1.35939868840999,1.32962490619389,1.30042172154052,1.27182473303001,1.24386746682489,1.21658134603791,1.18999567466909,1.16413763577883,1.13903230344465,1.11470266793538,1.09116967343124,1.06845226752111,1.04656746162114,1.02553040138176,1.00535444608452,0.986051255975434,0.967630886439071,0.950101887886342,0.933471410209816,0.917745310652427,0.902928263938694,0.889023873531458,0.876034782901014,0.863962785726985,0.852808933995361,0.842573643003321,0.833256792341893,0.824857821990312,0.817375822725513,0.810809620124406,0.805157851514799,0.80041903531209,0.796591632262224,0.793674098196021,0.791664927984959,0.790562690472797,0.790366054240211,0.791073804139982,0.79268484861724,0.795198217902137,0.798613053230187,0.802928587307917,0.808144116297632,0.814258963645,0.821272436116326,0.829183772449167,0.83799208505049,0.847696295201562,0.858295062249074,0.869786707278611,0.882169131780985,0.895439731835502,0.909595308348564,0.924631973902856,0.940545056793074,0.957329002850388,0.974977275690467,0.993482256059912,1.01283514100342,1.03302584362885,1.0540428943087,1.07587334422247,1.09850267221379,1.12191469600488,1.14609148887719,1.17101330298618,1.19665850052662,1.22300349399873,1.25002269684057,1.27768848568507,1.30597117546716,1.3348390085459,1.36425815891556,1.39419275245793,1.42460490403569,1.45545477204442,1.48670063083128,1.51829896115405,1.55020455860049,1.58237065961786,1.61474908452397,1.64729039658814,1.67994407599119,1.71265870720341,1.74538217806626,1.77806188863156,1.81064496760973,1.84307849410859,1.87530972221298,1.90728630586531,1.93895652146121,1.97026948557377,2.00117536526571,2.03162557853916,2.06157298260761,2.09097204784914,2.11977901551293,2.14795203749581,2.17545129677833,2.20223910740458,2.22827999320069,2.25354074474743,2.27799045444679,2.30160052984434,2.32434468568319,2.34619891546597,2.367141443584,2.38715265933295,2.40621503436884,2.42431302536424,2.4414329637996,2.45756293496774,2.47269264837942,2.48681330183467,2.49991744146798,2.51199882008701,2.52305225610379,2.53307349530773,2.54205907765009,2.5500062111044,2.55691265453571,2.56277661135734,2.56759663557771,2.57137155164459,2.57410038928085,2.57578233427798,2.57641669597192,2.57600289187413,2.57454044967072,2.57202902653736,2.56846844545044,2.56385874790918,2.55820026222219,2.55149368625971,2.54374018333321,2.53494148964149,2.52510003152069,2.51421905055955,2.50230273449413,2.48935635168182,2.47538638687634,2.46040067598527,2.44440853749223,2.42742089826705,2.40945041156977,2.39051156517643,2.37062077771444,2.34979648148945,2.32805919030979,2.30543155106348,2.2819383780708,2.25760666951574,2.2324656055461,2.20654652791673,2.17988290132791,2.15251025687437,2.12446611826413,2.09578991168589,2.06652286039577,2.03670786525513,2.00638937258073,1.97561323076591,1.94442653719747,1.9128774770297,1.88101515538711,1.84888942455399,1.8165507076757,1.78404982044789,1.75143779220844,1.71876568777809,1.68608443132085,1.65344463341883,1.62089642247921,1.58848928151546,1.55627189127198,1.52429198059064,1.49259618484997,1.46122991324136,1.43023722558179,1.39966071929716,1.36954142714389,1.33991872616748,1.31083025832421,1.28231186311577,1.254397522505,1.22711931829468,1.2005074020602,1.17458997763127,1.14939329601852,1.12494166257926,1.10125745611295,1.07836115947424,1.05627140118952,1.03500500746463,1.01457706387792,0.995000985965858,0.976288597828849,0.958450217815259,0.941494750281706,0.925429782379263,0.910261684778557,0.895995715222421,0.882636123782861,0.870186258699495,0.85864867168912,0.848025221639923,0.838317175638517,0.829525306322461,0.82164998460426,0.814691266873907,0.808648975854741,0.803522774360593,0.799312231279721,0.796016879191912,0.793636263108326,0.792169979908262,0.791617708132459
51,0.714693106571535,0.715046821532162,0.716278743734426,0.718388980807227,0.721377822374979,0.725245718265806,0.729993246442917,0.735621070907766,0.742129889901986,0.74952037481299,0.75779310026596,0.766948465962801,0.77698661090668,0.787907320728756,0.799709928911529,0.812393212780203,0.82595528520879,0.840393483060319,0.855704253448993,0.8718830389748,0.888924163136058,0.906820717170426,0.925564449608004,0.945145659838864,0.96555309699976,0.98677386546879,1.00879333822113,1.03159507924247,1.05516077611905,1.07947018382489,1.10450108060851,1.13022923674577,1.15662839677467,1.18367027566576,1.21132456921247,1.23955897875359,1.26833925016965,1.29762922693219,1.32739091683242,1.35758457187939,1.38816878073917,1.41910057298884,1.45033553438284,1.48182793227447,1.51353085029999,1.54539633141547,1.57737552837223,1.60941886072193,1.64147617745195,1.67349692436051,1.70543031528451,1.73722550628658,1.76883177188867,1.80019868240506,1.83127628137709,1.86201526204692,1.89236714172922,1.92228443285288,1.95172080935453,1.98063126701728,2.00897227627004,2.03670192590111,2.0637800561021,2.09016837925169,2.11583058687877,2.14073244131517,2.16484185066421,2.18812892587151,2.21056601889088,2.23212774118583,2.25279096209368,2.27253478689761,2.29134051479445,2.30919157730518,2.32607345803962,2.3419735950893,2.35688126766987,2.37078746896045,2.38368476737963,2.39556715879094,2.40642991233598,2.41626941274557,2.42508300207519,2.43286882384628,2.43962567255013,2.44535285138596,2.45005004096091,2.45371718148112,2.45635437071343,2.45796177970262,2.45853958789519,2.45808793895484,2.4566069181646,2.45409655190314,2.45055682926734,2.44598774549662,2.44038936644574,2.43376191295893,2.42610586362759,2.41742207407198,2.40771191058253,2.39697739569263,2.38522136303792,2.372447618691,2.3586611060472,2.34386807127998,2.32807622638228,2.31129490686429,2.29353522128469,2.27481018995022,2.25513487032239,2.23452646691469,2.21300442374401,2.19059049770779,2.16730881158737,2.14318588571979,2.11825064772759,2.09253442004083,2.06607088528138,2.03889602989833,2.01104806674172,1.98256733753226,1.95349619642638,1.92387887608348,1.89376133781704,1.86319110755022,1.83221709940288,1.80088942881006,1.76925921711541,1.73737838959916,1.70529946889156,1.67307536569341,1.64075916867734,1.60840393538095,1.5760624858276,1.54378720052514,1.51162982439908,1.47964127811612,1.44787147814747,1.41636916680944,1.3851817534031,1.35435516745373,1.32393372492641,1.29396000816535,1.26447476017288,1.2355167937084,1.20712291555062,1.17932786612694,1.15216427457461,1.12566262915934,1.09985126284044,1.0747563536385,1.05040193933359,1.0268099459008,1.00400022897623,0.981990627542885,0.960797028932141,0.940433444154249,0.920912092501466,0.902243494309808,0.884436570721075,0.867498749255143,0.851436073983983,0.83625331909261,0.821954104618137,0.808541013175473,0.796015706506293,0.784379040726064,0.773631179191044,0.763771701962754,0.754799710910129,0.746713929558916,0.739512796872563,0.733194554228274,0.72775732493486,0.72319918572488,0.719518229741101,0.716712620625853,0.714780637410368,0.713720709988666,0.713531445046284,0.714211642396879,0.715760301758999,0.718176620079786,0.721459979581714,0.725609926771621,0.730626142708024,0.736508404872305,0.74325654103204,0.7508703755201,0.759349668382036,0.768694047866771,0.77890293675311,0.789975473017921,0.801910425362635,0.814706104124631,0.82836026811078,0.842870027903922,0.858231746211036,0.874440935846081,0.891492155972157,0.909378907267949,0.928093526732564,0.947627082901004,0.967969272308534,0.989108318114865,1.01103087187584,1.03372191952865,1.05716469273244,1.08134058677636,1.10622908632622,1.13180770032549,1.15805190739162,1.18493511304971,1.21242862012046,1.2405016135228,1.26912116066346,1.29825222846367,1.32785771791721,1.35789851688559,1.388333571617,1.41911997722937,1.45021308712864,1.48156664104657,1.5131329110839,1.54486286484138,1.57670634441969,1.60861225977723,1.64052879465862,1.67240362305426,1.704184133928,1.73581766176205,1.76725172032111,1.798434236934,1.8293137845357,1.85983980870545,1.88996284698,1.9196347378129,1.9488088166909,1.9774400971026,2.00548543428019,2.03290366989612,2.05965575618904,2.08570485830957,2.11101643401101,2.13555829015598,2.15930061585997,2.18221599244092,2.20427938068326,2.22546808624978,2.24576170438023,2.26514204529623,2.28359304198511,2.30110064225674,2.31765268715534,2.33323877796134,2.34785013413516,2.36147944463578,2.37412071509216,2.38576911331569,2.39642081561875,2.40607285634885,2.41472298296192,2.42236951884407,2.4290112359502,2.43464723916218,2.43927686408168,2.44289958976406,2.44551496767323,2.44712256789453,2.4477219433862,2.44731261278192,2.44589406198049,2.44346576447607,2.44002722009748,2.4355780115408,2.43011787779972,2.42364680332716,2.41616512150381,2.40767363074809,2.39817372138411,2.38766751119155,2.37615798740082,2.36364915277046,2.35014617329656,2.33565552505813,2.3201851377001,2.3037445320983,2.28634494983842,2.26799947227182,2.24872312708423,2.22853298052332,2.20744821367509,2.18549018144994,2.16268245323117,2.13905083444425,2.11462336861669,2.0894303198085,2.06350413559383,2.03687939105961,2.00959271454905,1.98168269611346,1.9531897798387,1.92415614138247,1.89462555219138,1.86464323196518,1.83425569099839,1.80351056406085,1.7724564374807,1.74114267107078,1.7096192164958,1.67793643361837,1.64614490629104,1.61429525898326,1.58243797555005,1.55062322136671,1.51890066997308,1.48731933529299,1.45592741042103,1.42477211389918,1.3938995443399,1.36335454418886,1.33318057335819,1.30341959339891,1.27411196281633,1.24529634406481,1.21700962268531,1.18928683897112,1.16216113246239,1.13566369947878,1.10982376380215,1.08466856051755,1.06022333291285,1.03651134222545,1.01355388991139,0.991370351998181,0.969978224971504,0.949393182537666,0.92962914250193,0.910698342908322,0.892611426501462,0.875377532496648,0.85900439458216,0.843498444028431,0.828864916742891,0.815107963087417,0.802230759267252,0.790235619105757,0.779124105037898,0.768897137186064,0.759555099423767,0.751097941384751,0.743525275435827,0.736836467700063,0.731030722291361,0.726107158000779,0.72206487675783,0.718903023275349,0.716620835373342,0.715217684564526,0.714693106571535
52,0.643770206902133,0.644115178246073,0.645302529473645,0.647332476387622,0.650205496055189,0.653922303799457,0.658483819589679,0.663891124084044,0.670145404655711,0.677247891809606,0.685199786474932,0.694002178736616,0.703655958648306,0.714161719849833,0.725519656793194,0.737729456462366,0.750790185552785,0.764700174154865,0.779456897060916,0.795056853884232,0.81149544924087,0.828766874296136,0.846863991016589,0.865778220491746,0.885499436695244,0.906015867040725,0.927314001051355,0.949378508402584,0.972192167514882,0.995735805767326,1.01998825227513,1.04492630402712,1.07052470601549,1.09675614581472,1.12359126288303,1.15099867267459,1.17894500546861,1.20739495964815,1.23631136900207,1.26565528348277,1.2953860627329,1.32546148159955,1.35583784678431,1.38647012373231,1.41731207284054,1.44831639406196,1.47943487899315,1.51061856955298,1.54181792238352,1.57298297812455,1.60406353472489,1.63500932395183,1.66577019023996,1.69629627098116,1.7265381772964,1.75644717424938,1.78597535936433,1.81507583820041,1.84370289561898,1.87181216126577,1.89936076768514,1.9263074993976,1.95261293121241,1.97823955402347,2.00315188635442,2.0273165699841,2.05070244810006,2.07328062459604,2.09502450335002,2.1159098065884,2.13591457175466,2.15501912665089,2.17320604299807,2.19046006895744,2.20676804155892,2.22211878038265,2.23650296422467,2.24991299283725,2.26234283615746,2.2737878737163,2.28424472714643,2.29371108887383,2.30218555018322,2.30966743188545,2.31615662078744,2.32165341507124,2.32615838153218,2.32967222740874,2.33219568926566,2.33372944107167,2.33427402325147,2.33382979409578,2.33239690449179,2.32997529649723,2.32656472583333,2.32216480792429,2.3167750866712,2.31039512472562,2.30302461363019,2.29466350182767,2.28531213821275,2.27497142861954,2.26364300240558,2.25132938611648,2.23803418109582,2.22376224184522,2.20851985193994,2.19231489436576,2.175157013261,2.15705776421969,2.13803075053462,2.11809174302527,2.09725878139978,2.07555225543382,2.05299496460474,2.02961215518849,2.0054315341998,1.98048325992593,1.95479990916262,1.92841642159981,1.90137002211921,1.87370012205013,1.84544820068034,1.81665766853256,1.78737371409393,1.75764313582377,1.72751416136789,1.69703625597459,1.66625992214399,1.63523649254963,1.60401791825449,1.57265655420549,1.54120494393508,1.50971560532956,1.47824081924268,1.44683242264417,1.41554160789643,1.38441872965062,1.35351312074655,1.32287291838992,1.29254490176423,1.26257434211548,1.23300486622256,1.20387833403771,1.17523473114733,1.14711207656562,1.11954634623192,1.09257141243819,1.0662189992666,1.04051865397111,1.01549773409158,0.991181409946806,0.96759268201601,0.944752412587485,0.922679370931462,0.901390291142135,0.88089994169332,0.861221205664363,0.84236517051838,0.824341226254547,0.807157170710096,0.790819320755965,0.77533262811258,0.760700798508453,0.746926412913657,0.734011049601851,0.721955405827714,0.710759417950204,0.700422378885054,0.690943051831427,0.682319779286279,0.67455058643514,0.667633278088214,0.661565528415332,0.656344962821058,0.651969231391462,0.648436073435627,0.64574337273695,0.643889203220997,0.64287186483682,0.642689909536726,0.64334215732428,0.64482770242116,0.647145909679326,0.650296401435212,0.654279035066444,0.659093871568365,0.664741135517081,0.67122116682754,0.678534364749303,0.686681124569643,0.695661767513841,0.70547646434718,0.716125153193198,0.727607452090108,0.739922566813416,0.75306919449988,0.767045423618055,0.781848630845715,0.797475375436535,0.81392129168892,0.83118098017023,0.849247898400308,0.868114251759315,0.887770885455581,0.908207178468036,0.929410940462345,0.951368312767133,0.974063674582854,0.997479555676476,1.02159655688561,1.04639327981103,1.07184626711167,1.09792995482674,1.12461663813125,1.15187645188021,1.17967736721159,1.2079852053556,1.23676366963952,1.26597439648269,1.29557702594824,1.32552929216008,1.3557871336098,1.38630482307456,1.4170351165494,1.44792942027376,1.47893797460852,1.51001005320598,1.54109417561654,1.57213833120186,1.6030902119804,1.63389745182475,1.66450786926607,1.69486971104412,1.72493189347472,1.75464423869285,1.7839577028692,1.81282459359113,1.84119877374345,1.86903584941795,1.8962933396183,1.92293082580488,1.94891007963544,1.97419516759601,1.9987525315753,2.02255104480709,2.0455620429819,2.06775933070356,2.08911916383216,2.10962020860447,2.12924347875183,2.14797225213739,2.16579196870624,2.18269011177911,2.19865607492141,2.2136810167819,2.22775770641917,2.24088036171877,2.25304448355032,2.26424668832268,2.27448454156814,2.28375639512599,2.29206123040188,2.29939851005695,2.30576804032906,2.31116984601242,2.31560405992161,2.31907082844514,2.32157023455324,2.32310223936799,2.32366664313239,2.32326306613135,2.32189094982533,2.31954957815757,2.31623811869364,2.31195568294979,2.30670140496826,2.30047453690821,2.29327456014412,2.28510131010447,2.27595511284736,2.26583693116119,2.25474851780263,2.24269257334546,2.22967290601637,2.21569459084115,2.20076412541912,2.18488957968677,2.16808073712377,2.15034922499414,2.13170863140116,2.11217460716112,2.09176495076512,2.07049967499128,2.0484010540471,2.02549365045287,2.00180432121563,1.97736220317878,1.95219867775853,1.92634731558508,1.899843801849,1.87272584340372,1.84503305889102,1.81680685333327,1.7880902787733,1.75892788264077,1.72936554558313,1.69945031052401,1.66923020470495,1.63875405643314,1.60807130820327,1.5772318277909,1.5462857188332,1.51528313232518,1.48427408037026,1.45330825343517,1.42243484227538,1.39170236561764,1.36115850461321,1.33084994500773,1.30082222791089,1.27111960998959,1.24178493384984,1.21285950931408,1.18438300623873,1.15639335945058,1.12892668630813,1.10201721731369,1.07569724011386,1.0499970571291,1.02494495694823,1.00056719951116,0.976888014985198,0.953929616117174,0.931712223719053,0.910254104819341,0.889571622889961,0.869679299440036,0.850589886156889,0.832314446672492,0.814862446942553,0.798241853147165,0.782459235957506,0.767519879963705,0.753427897024965,0.740186342284625,0.727797331589883,0.716262159067773,0.705581413634797,0.695755093256458,0.686782715823195,0.678663425569765,0.671396094034157,0.66497941462823,0.659411989973843,0.654692411243768,0.650819328834933,0.647791513791039,0.645607909481608,0.644267673133862,0.643770206902133
53,0.578528368916521,0.57886368859577,0.580005396855558,0.581953820080674,0.584709622617014,0.588273782577996,0.592647556764498,0.597832434954366,0.603830083891909,0.610642281382871,0.618270840976902,0.626717527797938,0.635983966163423,0.646071539716047,0.656981284876402,0.668713778510944,0.681269020796048,0.694646314344236,0.708844140741018,0.723860035718132,0.739690464258487,0.756330696987222,0.773774689248839,0.792014964299292,0.811042502051506,0.830846634800184,0.851414951315157,0.872733210630205,0.894785266765983,0.917553005511531,0.941016294250589,0.965152945659067,0.989938695922177,1.01534719792887,1.04135002970254,1.06791671812671,1.0950147778291,1.12260976490291,1.15066534497684,1.17914337499962,1.2080039979853,1.23720574987379,1.26670567759919,1.29645946742394,1.32642158258864,1.35654540933991,1.38678341042759,1.41708728520002,1.44740813546584,1.4776966363252,1.50790321119483,1.53797821025514,1.56787209152821,1.59753560374991,1.62691997012772,1.65597707197824,1.6846596311193,1.71292138975623,1.74071728645785,1.76800362667386,1.79473824611146,1.82088066517592,1.84639223259615,1.87123625631359,1.89537811971697,1.91878538136403,1.94142785644801,1.96327767844367,1.98430933960284,2.00449970926144,2.02382802926065,2.04227588616847,2.05982716040288,2.07646795279349,2.09218648956341,2.10697300715295,2.12081961873039,2.13372016462979,2.14567004931017,2.15666606773513,2.16670622431861,2.17578954776395,2.18391590523636,2.19108581934928,2.1973002914135,2.20256063429464,2.20686831805294,2.21022483130316,2.2126315609383,2.21408969251422,2.21460013320239,2.21416345879128,2.21277988576427,2.21044926901028,2.20717112524379,2.20294468173137,2.19776894945176,2.19164281936514,2.1845651800423,2.17653505451388,2.16755175385162,2.1576150446932,2.14672532767594,2.13488382355684,2.12209276367042,2.10835558131371,2.09367710065101,2.07806371979746,2.0615235848703,2.04406675198384,2.02570533440588,2.0064536323818,1.98632824346125,1.96534815152297,1.94353479307589,1.92091209981159,1.89750651678324,1.87334699598117,1.84846496545645,1.82289427450304,1.79667111574013,1.76983392523298,1.74242326205023,1.71448166887395,1.68605351545643,1.65718482685413,1.62792309846614,1.59831709996525,1.56841667023676,1.53827250543869,1.50793594227022,1.47745873848866,1.44689285265168,1.41629022498586,1.38570256119732,1.35518112094769,1.324776512621,1.2945384959053,1.26451579360697,1.23475591400658,1.20530498495157,1.1762076007631,1.14750668291119,1.1192433552834,1.09145683473776,1.06418433748976,1.03746100173791,1.01131982678144,0.985791628730929,0.960905012756984,0.936686361667868,0.913159840454561,0.890347416294244,0.868268893362557,0.846941961673301,0.826382259043579,0.806603445174209,0.787617286741157,0.769433752314688,0.752061115859416,0.735506067521248,0.719773830375664,0.704868281796223,0.690792078101488,0.677546781152254,0.665132985597839,0.653550445509245,0.642798199186979,0.632874690990929,0.623777889107797,0.61550539824677,0.608054566335387,0.601422584373589,0.595606578693768,0.590603694967163,0.586411173391316,0.583026414588366,0.580447035839146,0.578670917372138,0.577696238518764,0.577521503636185,0.578145557785023,0.57956759223125,0.581787139918203,0.584804061125323,0.588618519594251,0.593230949459571,0.598642013370425,0.604852552230125,0.611863527013756,0.619675953148943,0.628290827962963,0.637709051711277,0.647931342709612,0.658958147095585,0.670789543748478,0.683425144899336,0.696863992970234,0.711104454193827,0.726144109584054,0.741979643858234,0.758606732950983,0.776019930812402,0.794212556246871,0.813176580623986,0.832902517377951,0.853379314304001,0.874594249756437,0.896532833949081,0.919178716650175,0.942513602645253,0.966517176407585,0.991167037461202,1.01643864794106,1.04230529384394,1.06873806141831,1.09570583005898,1.1231752829503,1.15111093654105,1.17947518973362,1.20822839343417,1.23732894084066,1.26673337854826,1.29639653823127,1.32627168832512,1.35631070478792,1.38646425967697,1.41668202593903,1.44691289649359,1.47710521539184,1.50720701857052,1.53716628149359,1.56693117079436,1.59645029689899,1.62567296453498,1.65454941800641,1.68303107815364,1.71107076800822,1.73862292430248,1.76564379219477,1.79209160082158,1.81792671758147,1.84311177938623,1.86761179947556,1.89139424877468,1.91442911117143,1.93668891249323,1.95814872336593,1.97878613652851,1.99858121955353,2.01751644427527,2.03557659455112,2.05274865427251,2.06902167779449,2.08438664516714,2.09883630472406,2.11236500571367,2.12496852374708,2.1366438818834,2.14738917018009,2.15720336650514,2.16608616134017,2.17403778920284,2.18105886918468,2.18715025693873,2.19231291026439,2.1965477702245,2.19985565949633,2.20223719940495,2.20369274681692,2.20422235178668,2.20382573655008,2.20250229615101,2.20025112067191,2.19707103871982,2.19296068149948,2.18791856648911,2.18194319942634,2.17503319301612,2.16718740049504,2.15840506193212,2.14868596092068,2.13803058912409,2.12644031598612,2.11391756080817,2.1004659643348,2.08609055697914,2.07079792086271,2.05459634293952,2.03749595662311,2.0195088695323,2.00064927521548,1.98093354699685,1.96038031240492,1.93901050698626,1.91684740666594,1.89391663818224,1.87024616748604,1.84586626634704,1.82080945773921,1.79511044088042,1.76880599706869,1.7419348776851,1.71453767591865,1.6866566839087,1.658335737098,1.62962004764394,1.60055602875302,1.5711911117863,1.54157355793923,1.51175226623203,1.48177657946438,1.45169608969503,1.42156044470994,1.39141915684503,1.36132141543604,1.33131590408049,1.30145062381696,1.27177272325532,1.24232833662668,1.21316243066403,1.18431866116952,1.15583924007153,1.12776481372035,1.10013435311309,1.07298505667424,1.04635226614586,1.02026939605919,0.994767877166854,0.969877114111894,0.945624457496199,0.922035190388576,0.899132529182927,0.876937638581859,0.855469660343211,0.834745755289216,0.814781157942923,0.795589243027243,0.777181602941077,0.759568135216974,0.742757138867846,0.726755418448259,0.711568394589983,0.69720021972282,0.683653897660623,0.67093140571878,0.659033818032868,0.647961428767799,0.637713873941353,0.628290250634076,0.619689232417456,0.611909179902273,0.604948245387156,0.598804470671886,0.593475877188993,0.588960547699124,0.58525669888905,0.582362744304495,0.580277347142595,0.578999462519435,0.578528368916521
54,0.518648857231253,0.518973666073989,0.520068883843302,0.521934949135951,0.52457271225492,0.527983409881332,0.53216862861679,0.537130257650731,0.542870430878414,0.549391458867858,0.556695751149016,0.564785729376671,0.573663732000121,0.583331911157937,0.593792122604709,0.605045809567982,0.617093881526556,0.629936588994258,0.643573395484184,0.658002847914711,0.673222446797235,0.689228517613479,0.706016084843654,0.723578750142416,0.741908576173896,0.760995977607128,0.780829620736535,0.801396333126951,0.822681024588407,0.844666620662923,0.867334009655555,0.89066200406806,0.914627317099763,0.939204554672314,0.964366223219029,0.990082753262698,1.01632253859523,1.04305199067568,1.07023560768652,1.09783605753762,1.12581427398681,1.15412956495891,1.18273973209148,1.21160120051437,1.2406691578781,1.26989770167823,1.29923999397155,1.32864842263802,1.35807476840137,1.38747037687121,1.41678633490377,1.44597365058898,1.47498343615306,1.50376709301534,1.53227649815433,1.56046419082256,1.58828355850769,1.61568902087404,1.64263621024402,1.66908214700325,1.6949854081471,1.72030628704306,1.74500694237401,1.76905153416279,1.79240634476792,1.81503988279164,1.8369229679578,1.85802879520286,1.87833297647461,1.89781355904871,1.91645101954406,1.93422823323684,1.95113041872734,1.96714505849126,1.98226179633432,1.99647231325107,2.00977018365195,2.02215071435398,2.03361076911632,2.04414858183325,2.05376356176405,2.06245609437455,2.0702273414856,2.07707904446511,2.08301333416349,2.08803255117846,2.0921390798476,2.09533519911091,2.09762295306746,2.09900404367707,2.09947974763858,2.09905085901956,2.09771765872746,2.09547991140909,2.09233688985362,2.08828742646392,2.08332999086086,2.07746279220532,2.0706839043712,2.06299141168828,2.05438357260379,2.04485899829327,2.03441684299019,2.02305700260505,2.01078031807205,1.99758877979702,1.98348572958538,1.96847605650274,1.95256638326083,1.93576523992493,1.91808322199907,1.89953313025705,1.88013009004065,1.85989164813447,1.83883784573758,1.81699126647722,1.79437705883739,1.77102293279597,1.74695913086864,1.72221837413676,1.69683578418424,1.67084878217708,1.64429696658697,1.61722197128255,1.58966730588957,1.56167818045406,1.53330131653331,1.50458474689125,1.47557760599268,1.44632991347795,1.41689235276353,1.38731604685707,1.35765233340446,1.32795254090466,1.29826776793789,1.26864866715899,1.23914523570934,1.20980661360079,1.18068089152176,1.15181492941031,1.12325418702896,1.09504256766155,1.06722227593187,1.03983369061585,1.01291525318441,0.986503372670611,0.960632347305133,0.935334303207044,0.910639150255618,0.886574555104113,0.863165931131141,0.840436444961567,0.818407039029636,0.797096469504945,0.77652135875938,0.756696261422705,0.737633742958075,0.719344469587957,0.701837308317062,0.685119435732604,0.6691964542139,0.654072514152811,0.639750440773452,0.626231864143019,0.613517350984566,0.601606536935717,0.590498257943302,0.580190679541251,0.57068142282616,0.561967686020435,0.554046360595194,0.546914141012935,0.540567627241997,0.535003419289981,0.530218203100375,0.526208827254809,0.522972370021591,0.520506196388794,0.518808004816175,0.517875863534001,0.517708236307568,0.51830399767303,0.519662437732416,0.521783256672506,0.524666549242871,0.528312779492152,0.532722746117845,0.537897538833092,0.54383848619394,0.55054709536204,0.558024984301326,0.56627380692308,0.575295171703317,0.585090554300584,0.59566120470307,0.607008049433217,0.619131589338296,0.632031793498939,0.645707989797114,0.660158752702713,0.675381788865999,0.691373821143295,0.708130471736456,0.725646145193294,0.743913912095476,0.76292539435108,0.782670653108446,0.803138080412697,0.824314295832069,0.8461840493829,0.868730132174305,0.891933296270221,0.915772185321923,0.94022327755252,0.965260842671375,0.990856914256481,1.01698127906334,1.04360148459777,1.07068286612672,1.09818859409607,1.12607974268027,1.15431537990843,1.18285267950064,1.21164705421272,1.2406523101341,1.26982082102062,1.2991037213792,1.32845111666405,1.35781230860255,1.38713603335199,1.41637070990366,1.44546469590654,1.47436654788454,1.50302528267561,1.53139063683144,1.55941332068646,1.58704526383611,1.61423984885627,1.64095213024825,1.66713903580242,1.6927595478356,1.71777486206653,1.74214852224283,1.76584652901653,1.78883742197157,1.81109233413141,1.83258501870463,1.85329184825662,1.87319178691393,1.89226633660971,1.91049945875522,1.9278774730676,1.94438893559379,1.96002449823951,1.97477675233879,1.98864005898123,2.00161036895032,2.01368503521753,2.02486262098389,2.03514270626495,2.04452569597931,2.05301263242681,2.06060501493328,2.06730462929675,2.07311338949866,2.07803319394449,2.0820657982749,2.08521270654269,2.08747508228531,2.08885368073906,2.08934880314264,2.08896027376526,2.0876874399724,2.0855291953114,2.08248402526411,2.07855007497722,2.07372523794741,2.06800726431216,2.06139388708293,2.05388296436174,2.04547263530886,2.03616148738654,2.02594873219564,2.01483438705515,2.00281945935393,1.98990613063454,1.97609793735323,1.96139994530178,1.94581891477539,1.92936345372648,1.91204415635397,1.89387372483763,1.8748670722308,1.85504140486592,1.83441628299539,1.81301365877733,1.79085789111009,1.76797573721055,1.74439632120968,1.72015108039341,1.69527369004048,1.66979996809329,1.64376776113822,1.61721681336474,1.59018862031633,1.56272626934212,1.53487426870781,1.50667836733283,1.47818536709313,1.4494429295712,1.42049937905535,1.39140350349437,1.36220435500914,1.33295105145557,1.30369258042812,1.27447760699447,1.24535428636221,1.21637008259864,1.18757159445584,1.15900438929298,1.13071284603527,1.10274000806071,1.07512744685897,1.04791513725817,1.0211413449611,0.994842527071109,0.969053246215004,0.943806098786358,0.919131657735087,0.895058430218708,0.871612830307743,0.848819166803874,0.826699646086675,0.805274389755764,0.784561466683169,0.764576938938725,0.745334920903107,0.726847650741689,0.709125573281346,0.692177433214108,0.676010377448904,0.660630065347332,0.646040785512842,0.632245577755895,0.619246358830531,0.607044050530415,0.595638708743602,0.585029652094235,0.575215588844003,0.566194740785032,0.55796496292658,0.550523857858363,0.543868883761398,0.537997455130586,0.532907035370129,0.528595220521083,0.525059813478691,0.522298888153875,0.520310843127705,0.519094444438815,0.518648857231253
55,0.463816802415036,0.464130306720881,0.465178415027027,0.466961678903765,0.469481132080748,0.472738264054449,0.476734982367289,0.481473563807456,0.486956594845287,0.493186901691521,0.50016747043576,0.50790135780103,0.516391593132891,0.525641072329353,0.535652444510742,0.546427992325804,0.557969506890676,0.570278158458939,0.583354364021467,0.597197653131404,0.611806533338651,0.627178356696301,0.64330918886412,0.660193682377683,0.677824955671909,0.69619447944114,0.715291971881622,0.735105304294268,0.755620418425059,0.776821256787824,0.798689707051431,0.821205561383895,0.844346491434563,0.868088039408633,0.892403625452959,0.917264571336623,0.942640140182435,0.968497591794642,0.994802252941302,1.02151760179354,1.04860536560304,1.07602563061663,1.10373696318325,1.13169654100223,1.15986029348845,1.18818305028366,1.2166186970152,1.24512033748481,1.27364046155068,1.30213111803492,1.33054409203688,1.35883108605198,1.38694390427908,1.41483463944416,1.44245586137171,1.4697608064013,1.49670356657921,1.52323927736198,1.54932430236118,1.57491641344734,1.59997496433096,1.62446105556223,1.64833768875317,1.67156990773794,1.69412492436041,1.71597222662056,1.73708366702831,1.757433529207,1.77699857105797,1.79575804313735,1.81369368129958,1.83078967311749,1.8470325980846,1.86241134212669,1.87691698748054,1.89054267952366,1.90328347264269,1.91513615769626,1.92609907404634,1.9361719094895,1.94535549170615,1.95365157505449,1.96106262666236,1.96759161581175,1.97324181056719,1.9780165854738,1.98191924394566,1.98495285868871,1.98712013315876,1.98842328665562,1.98886396520511,1.98844317989383,1.98716127380526,1.98501791817153,1.98201213781209,1.97814236539007,1.97340652348755,1.96780213299358,1.96132644582126,1.95397659953239,1.94574979105722,1.93664346636036,1.92665552262842,1.91578451934499,1.90402989447946,1.89139218194869,1.8778732265181,1.86347639238845,1.84820676186641,1.83207132073503,1.81507912722032,1.79724146178419,1.77857195535313,1.7590866940074,1.73880429859506,1.71774597818884,1.69593555675934,1.67339947288516,1.65016675274818,1.62626895706194,1.60174010294394,1.57661656206406,1.55093693667555,1.52474191536036,1.49807411049691,1.47097787958635,1.44349913265612,1.41568512800203,1.38758425853585,1.35924583098215,1.33071984011992,1.30205674019844,1.27330721557755,1.24452195255466,1.21575141424762,1.18704562030756,1.15845393313862,1.13002485220485,1.10180581790576,1.07384302640185,1.04618125666701,1.01886371093503,0.991931869590665,0.965425361430145,0.939381850080972,0.913836937225748,0.888824083120094,0.864374544731149,0.840517331652628,0.817279179777022,0.794684542528028,0.772755599279779,0.751512280417069,0.730972308325812,0.711151253448529,0.69206260439847,0.673717851000517,0.656126579019164,0.639296575245067,0.623233941542621,0.607943216412271,0.593427502592305,0.579688599215283,0.566727137042821,0.554542715327813,0.543134038893829,0.532499054075476,0.522635082229277,0.513538949600161,0.505207112412261,0.497635776142716,0.490821008031898,0.484758841981781,0.479445375094448,0.474876855204253,0.47104975885868,0.467960859303805,0.465607284129576,0.463986562327361,0.463096660606465,0.462936008907216,0.463503515134827,0.464798569220047,0.466821036688886,0.469571241993582,0.473049941920048,0.477258289442379,0.482197788442298,0.4878702397503,0.494277678995521,0.501422306773343,0.509306411653878,0.517932286561794,0.527302139059743,0.537417996065681,0.548281603530901,0.559894321602833,0.572257015797542,0.58536994471382,0.599232644836594,0.613843813004411,0.629201187155794,0.645301426023637,0.662139988516013,0.679711013605132,0.698007201642425,0.717019698124107,0.736737981044556,0.757149753089819,0.778240840035232,0.799995096813512,0.822394322806464,0.845418187978392,0.869044171506172,0.893247514564463,0.9180011888897,0.943275882670103,0.969040005188351,0.995259711478161,1.02189894804633,1.04891952046019,1.07628118331027,1.10394175273498,1.13185724134347,1.1599820150037,1.18826897058064,1.2166697333266,1.24513487224724,1.27361413140551,1.30205667478788,1.33041134205334,1.35862691222193,1.3866523721449,1.41443718643766,1.44193156545498,1.46908672784892,1.4958551542753,1.52219082890542,1.54804946555411,1.57338871545077,1.59816835395313,1.62235044382693,1.64589947308299,1.66878246576773,1.69096906453457,1.71243158427378,1.73314503653638,1.75308712494483,1.77223821222966,1.7905812599593,1.80810174243093,1.82478753655776,1.84062878991697,1.85561776940726,1.86974869320415,1.88301754889188,1.89542190079259,1.90696068960705,1.9176340275277,1.92744299198576,1.93638942115296,1.94447571423714,1.9517046394927,1.95807915271567,1.96360222881055,1.96827670880627,1.97210516446372,1.97508978235984,1.97723226905592,1.97853377866205,1.97899486379894,1.97861545063317,1.97739483832626,1.97533172289355,1.97242424511861,1.96867006181693,1.96406643939246,1.95861036828676,1.95229869658845,1.9451282807563,1.9370961511174,1.92819968954132,1.91843681646556,1.90780618426543,1.89630737382789,1.88394109110872,1.87070936043025,1.85661571131556,1.84166535575561,1.82586535296774,1.80922475892518,1.7917547582129,1.77346877608925,1.7543825689974,1.73451429216572,1.71388454335141,1.69251638220563,1.67043532515852,1.6476693161286,1.62424867374085,1.60020601608302,1.57557616433177,1.55039602683337,1.52470446542457,1.49854214592573,1.47195137483234,1.44497592427484,1.41766084731557,1.39005228561194,1.36219727140395,1.33414352569021,1.30593925434721,1.27763294382985,1.2492731579737,1.22090833730695,1.19258660217648,1.16435556090128,1.13626212408797,1.10835232617779,1.08067115524024,1.05326239198278,1.02616845890567,0.999430280491428,0.973087155276491,0.947176640603528,0.92173445079383,0.89679436940715,0.872388176169378,0.848545589045586,0.82529422181723,0.802659557388574,0.780664936900648,0.7593315645738,0.738678528035537,0.718722833722508,0.699479456778191,0.680961404705153,0.663179793876647,0.646143937870343,0.629861446460632,0.614338333997586,0.599579135812717,0.585587031225244,0.572363971678675,0.559910812515789,0.54822744690036,0.537312940414613,0.527165664901054,0.5177834301737,0.509163612294584,0.501303277194085,0.494199298505626,0.487848468583892,0.482247601778518,0.477393629139954,0.473283683838792,0.469915176682733,0.467285861214943,0.465393887973113,0.464237847579151,0.463816802415036
56,0.413722921914004,0.41402440812819,0.415025018408868,0.416725417123434,0.419126817660858,0.422230955063921,0.426040047180451,0.430556744572537,0.435784069484375,0.441725344234893,0.44838410947175,0.455764032799979,0.463868808381867,0.472702048195269,0.482267165734991,0.492567253045547,0.50360495208213,0.515382321507843,0.527900700146704,0.541160568420061,0.555161409195065,0.569901569563428,0.585378125142087,0.601586748539929,0.618521583661874,0.636175127519132,0.654538121179113,0.673599451417702,0.693346064529648,0.713762893609799,0.734832800441276,0.756536532920126,0.778852698715131,0.801757755613535,0.825226018746659,0.849229684633086,0.873738871730988,0.898721676964529,0.92414424749098,0.949970866812504,0.976164054215009,1.00268467643917,1.02949207045627,1.05654417623165,1.08379767840616,1.11120815590399,1.13873023857335,1.16631777007416,1.19392397633224,1.22150163896943,1.24900327318433,1.27638130958735,1.30358827948052,1.3305770030122,1.35730077952815,1.38371357928619,1.40977023550758,1.43542663551327,1.46063990944959,1.48536861485948,1.50957291511754,1.53321474953625,1.5562579927814,1.57866860112209,1.60041474299632,1.62146691140653,1.64179801577605,1.66138345110047,1.68020114251493,1.69823156376425,1.71545772849928,1.73186515381743,1.74744179600392,1.76217795899678,1.77606617667574,1.78910107064484,1.80127918572473,1.81259880587562,1.82305975372238,1.8326631772363,1.84141132743363,1.84930733117186,1.85635496325597,1.86255842210709,1.86792211319456,1.87245044429355,1.87614763640766,1.87901755389693,1.88106355698356,1.88228837937994,1.88269403330578,1.88228174364389,1.88105191243731,1.87900411436586,1.8761371232672,1.87244896919748,1.86793702496959,1.86259812057252,1.85642868337345,1.84942490154305,1.84158290773364,1.83289897968531,1.82336975414531,1.81299245026515,1.80176509849332,1.78968677091158,1.77675780897137,1.76298004467312,1.74835701139335,1.73289414079783,1.71659894257808,1.69948116410523,1.68155292750032,1.66282884206296,1.6433260904687,1.62306448762857,1.6020665115875,1.580357306312,1.55796465666873,1.5349189363147,1.51125302959927,1.48700222890982,1.46220410917397,1.43689838145842,1.4111267277779,1.38493261934969,1.35836112060281,1.33145868128161,1.30427291897772,1.27685239438757,1.2492463815335,1.22150463510987,1.19367715702823,1.16581396414267,1.13796485904049,1.11017920568874,1.08250571163272,1.05499221835092,1.02768550127853,1.00063108091837,0.973873046361559,0.947453892436494,0.921414371593356,0.895793361508777,0.870627749260944,0.845952332778165,0.8217997401044,0.798200366853982,0.775182332047288,0.752771452331547,0.730991234399966,0.709862885231348,0.689405339585307,0.669635304008968,0.650567316443296,0.632213820364285,0.614585252259034,0.597690141121372,0.581535218557923,0.566125538024046,0.551464601660332,0.537554493173867,0.524396015203296,0.511988829621612,0.500331599263636,0.489422129614497,0.47925750905879,0.46983424636541,0.461148404168001,0.453195727293539,0.445971764889812,0.439471985404675,0.433691883574509,0.428627078684822,0.424273403471482,0.420626983135501,0.417684304047111,0.415442271815152,0.413898258495259,0.413050138804217,0.412896315297895,0.413435732555629,0.41466788049444,0.416592787011273,0.419211000220073,0.422523560612125,0.426531963522274,0.431238112329705,0.436644262859678,0.442752959481599,0.449566963419546,0.457089173803919,0.465322541998516,0.474269979737209,0.483934261600246,0.49431792235444,0.505423149676412,0.517251672776646,0.529804647447133,0.543082538069744,0.557084997148672,0.571810742970569,0.587257436051558,0.603421555102066,0.620298273327709,0.637881335985903,0.656162940230855,0.675133618400292,0.694782126020906,0.715095335930452,0.736058140026318,0.757653360246586,0.779861670463288,0.802661531012315,0.826029137594275,0.84993838625055,0.874360856044933,0.899265810961139,0.924620222359076,0.950388813118674,0.976534124341643,1.00301660518227,1.02979472604385,1.0568251150136,1.08406271702422,1.11146097483198,1.13897203049975,1.16654694567695,1.19413593858708,1.22168863527683,1.24915433235736,1.27648226818702,1.3036218992127,1.33052317801142,1.35713682945949,1.3834146214076,1.40930962625968,1.43477646994111,1.45977156489818,1.4842533239916,1.50818235242999,1.53152161522659,1.55423657804871,1.57629531975483,1.5976686153701,1.61832998872668,1.63825573448118,1.65742490970611,1.6758192957267,1.6934233313285,1.71022401888663,1.72621080535717,1.74137544041901,1.75571181435499,1.76921577851281,1.78188495138502,1.79371851349465,1.80471699436823,1.81488205492311,1.82421626859304,1.8327229044687,1.84040571564036,1.84726873580278,1.85331608702053,1.85855180135894,1.86297965886498,1.86660304413605,1.8694248234465,1.87144724411303,1.87267185747346,1.87309946653131,1.87273009898231,1.87156300599121,1.86959668672997,1.86682893832537,1.86325693049694,1.85887730380089,1.85368629003504,1.84767985301042,1.84085384756232,1.83320419436372,1.82472706782417,1.81541909411493,1.80527755616183,1.79430060229997,1.78248745519234,1.76983861758464,1.75635607150283,1.74204346760152,1.72690630153829,1.71095207448098,1.69419043514555,1.6766333011064,1.658294957509,1.63919213173678,1.61934404302835,1.59877242649505,1.57750153143894,1.55555809430565,1.53297128701257,1.50977264176025,1.48599595375528,1.46167716353877,1.43685422082375,1.4115669318935,1.385856792705,1.35976680987832,1.33334131174177,1.30662575154972,1.27966650490488,1.25251066330758,1.22520582563121,1.19779988919352,1.17034084196543,1.14287655733927,1.11545459277061,1.08812199351597,1.06092510261213,1.03390937818297,1.00711921911208,0.98059780008269,0.954386916954474,0.928526843416605,0.903056199821347,0.878011835059414,0.853428722282293,0.829339869204796,0.805776243631207,0.782766714739256,0.760338010528038,0.738514691690265,0.717319142007968,0.696771575197605,0.676890057949056,0.657690548717963,0.63918695164684,0.621391184812264,0.604313261827693,0.587961385678419,0.572342053530333,0.557460171140674,0.543319175408859,0.529921163540231,0.517267027255759,0.505356590465913,0.494188748836306,0.483761609704484,0.47407263085921,0.465118756763218,0.456896550884646,0.449402322898275,0.442632249622085,0.436582488664551,0.431249283870729,0.42662906176799,0.422718518323022,0.419514695428753,0.417015046641651,0.415217491785606,0.414120460127751,0.413722921914004
57,0.368065011015828,0.368353858149095,0.369306811707492,0.370924647694789,0.373208754152046,0.376161102922171,0.379784209828141,0.384081083488896,0.389055163052601,0.394710245187721,0.401050400739694,0.408079881536379,0.415803017909545,0.424224107593058,0.433347296760928,0.443176454079128,0.453715038762639,0.464965963751256,0.476931455241166,0.48961290993053,0.503010751451711,0.517124287565424,0.531951569777722,0.547489257103737,0.563732485737355,0.580674746388625,0.598307771016864,0.616621430614134,0.635603645579997,0.655240310074426,0.675515231544002,0.696410086391372,0.717904392505679,0.73997549910058,0.762598594025887,0.785746728439522,0.809390858459371,0.833499903170395,0.858040818151173,0.882978683513979,0.908276805330008,0.933896829239612,0.959798865027164,0.985941620968413,1.01228254682909,1.03877798449836,1.06538332536789,1.09205317370452,1.11874151539696,1.14540189157176,1.17198757665703,1.19845176051403,1.22474773424732,1.25082907923959,1.27664985883609,1.3021648119278,1.32732954746076,1.35210073863955,1.37643631531162,1.40029565273029,1.42363975461703,1.44643142819457,1.46863544866064,1.49021871043244,1.51115036242884,1.53140192468072,1.55094738367641,1.56976326406142,1.5878286746175,1.60512532683954,1.62163752489976,1.63735212632385,1.65225847328668,1.66634829504849,1.67961558267633,1.69205643781072,1.70366889782535,1.71445274027046,1.72440926997225,1.73354109256889,1.74185187858715,1.74934612239499,1.7560289005007,1.76190563370546,1.76698185755646,1.77126300539357,1.77475420804102,1.7774601138739,1.77938473259568,1.78053130560755,1.78090220534448,1.78049886540559,1.77932174273084,1.77737031248176,1.77464309568278,1.77113771908187,1.76685100610573,1.76177909722494,1.75591759751923,1.74926174874984,1.74180662281553,1.73354733309714,1.72447925989147,1.71459828590318,1.70390103760963,1.69238512824029,1.68004939812165,1.66689414823083,1.65292136297251,1.63813491844248,1.62254077275845,1.60614713541805,1.58896461307463,1.57100632959187,1.55228801873595,1.53282808837597,1.51264765557526,1.49177055245624,1.47022330319583,1.44803507294795,1.42523758988366,1.40186504188214,1.37795394969195,1.35354301861008,1.32867297089568,1.30338636124989,1.27772737775612,1.25174163069323,1.22547593161458,1.19897806503583,1.17229655500268,1.1454804287227,1.11857897935037,1.0916415299164,1.06471720029546,1.03785467901283,1.01110200160131,0.984506337134386,0.958113784477837,0.931969179718458,0.906115916140291,0.880595778024032,0.85544878943985,0.830713079085493,0.806424762088265,0.782617839540213,0.759324116370894,0.736573137982488,0.714392145880242,0.69280605233014,0.671837433869502,0.651506543289054,0.631831339501604,0.612827534517425,0.594508656564107,0.576886128222988,0.559969358308574,0.543765846094175,0.528281296388242,0.513519743892324,0.499483685223567,0.486174216961483,0.473591178079247,0.461733295142155,0.450598328697995,0.440183219343437,0.43048423202459,0.421497097215842,0.413217147716518,0.405639449907248,0.39875892841499,0.392570483245537,0.387069098553225,0.382249942328184,0.378108456390602,0.374640436188418,0.371842099998692,0.369710147233452,0.368241805647421,0.367434867337595,0.367287713512707,0.367799328093958,0.368969300286551,0.370797816334154,0.373285640734815,0.37643408725661,0.380244980143703,0.384720605948107,0.38986365645882,0.395677163227859,0.402164424212272,0.409328923062673,0.41717424159323,0.425703965966521,0.434921587121119,0.444830395962301,0.455433373829645,0.466733078752239,0.478731528005969,0.491430077500764,0.504829298551603,0.518928852627813,0.53372736473227,0.549222296136404,0.565409817287966,0.582284681814985,0.599840102668407,0.618067631573748,0.636957043093675,0.656496224732775,0.676671074636308,0.697465408539252,0.718860877703524,0.740836899632802,0.763370603369755,0.786436791154352,0.810007918150199,0.834054091825726,0.858543092407718,0.883440415606332,0.908709338546055,0.934311009529481,0.960204561915957,0.986347252021523,1.01269462054803,1.0392006766364,1.06581810322099,1.09249848194873,1.11919253552769,1.14585038499485,1.17242181905187,1.19885657231854,1.22510460910535,1.25111640911621,1.27684325136484,1.30223749252961,1.32725283598354,1.3518445878206,1.37596989635586,1.39958797180277,1.4226602831224,1.44515072939003,1.46702578342744,1.4882546058955,1.50880912852032,1.52866410562841,1.54779713367859,1.56618863899151,1.58382183437926,1.60068264585824,1.61675961107855,1.63204375151501,1.64652842083126,1.66020913214523,1.67308336718678,1.68515037054612,1.69641093236269,1.70686716290072,1.7165222625004,1.72538029038643,1.73344593576089,1.74072429450985,1.74722065471585,1.752940293996,1.75788829148188,1.7620693570249,1.76548767995455,1.76814679943749,1.770049498187,1.77119772095568,1.77159251891221,1.77123402065682,1.7701214302717,1.76825305243483,1.76562634425008,1.76223799306693,1.7580840191833,1.753159901949,1.74746072742135,1.74098135537375,1.73371660312974,1.72566144339714,1.71681121301555,1.7071618293149,1.69671001061931,1.68545349732622,1.67339126995127,1.66052376055827,1.64685305409443,1.63238307632202,1.61711976527878,1.60107122350469,1.58424784863577,1.56666244037706,1.54833028231598,1.5292691975106,1.50949957727144,1.48904438303641,1.4679291217018,1.4461817952047,1.42383282554311,1.40091495675829,1.37746313568399,1.35351437348317,1.3291075901452,1.3042834442049,1.27908414997464,1.25355328455864,1.22773558685175,1.20167675062455,1.17542321367208,1.14902194486495,1.12252023079894,1.09596546360136,1.0694049313249,1.04288561224885,1.01645397431529,0.990155780855253,0.964035903705785,0.938138144780151,0.912505067126295,0.887177836487392,0.862196074357617,0.837597723500009,0.813418926856335,0.789693920726265,0.766454943021431,0.743732157306515,0.721553593223279,0.699945103755022,0.678930339629523,0.658530740981548,0.638765546204984,0.619651817724679,0.601204484214243,0.583436398584044,0.566358410868993,0.549979454963632,0.534306647987495,0.51934540092053,0.505099539030003,0.491571430518971,0.478762121763288,0.466671477469819,0.455298324082063,0.444640594779601,0.434695474462263,0.42545954317593,0.416928916521195,0.409099381685186,0.401966527847049,0.395525869825341,0.389772963957403,0.384703515323527,0.38031347554967,0.376599130539174,0.373557177594605,0.371184791494135,0.369479679181947,0.368440122818651,0.368065011015828
58,0.326549215333599,0.326824904889737,0.32773026984244,0.329266195665433,0.331434238828062,0.334236597816636,0.337676072511944,0.341756012126924,0.34648025195718,0.351853039252329,0.357878948579875,0.36456278712701,0.371909490470536,0.379924009441386,0.388611188818198,0.397975638702794,0.408021599557947,0.418752802021737,0.430172322749699,0.442282437671676,0.455084474179628,0.468578663880069,0.482763997644109,0.497638084763141,0.513197018062794,0.529435246836623,0.546345459429173,0.563918477222663,0.582143161660682,0.601006335776594,0.620492721486383,0.640584893660277,0.661263251711944,0.682506009147504,0.704289201209874,0.72658671044915,0.749370309759346,0.772609722158048,0.796272696359811,0.820325097015765,0.844731008367873,0.869452850000578,0.894451503365314,0.919686447801435,0.945115904873425,0.970696989978598,0.996385870338832,1.02213792865923,1.04790793189999,1.07365020474921,1.09931880748893,1.12486771800218,1.15025101766463,1.1754230807966,1.20033876721617,1.22495361723765,1.24922404820733,1.27310755137399,1.29656288756951,1.31955027984429,1.34203160088196,1.36397055272993,1.38533283614493,1.40608630668519,1.42620111459765,1.44564982556168,1.4644075194669,1.48245186462482,1.49976316513936,1.51632437958355,1.53212110963624,1.5471415579099,1.56137645482951,1.57481895508338,1.58746450483831,1.59931068157281,1.61035700901168,1.62060475022538,1.63005668247003,1.63871685777606,1.64659035363323,1.65368301836032,1.66000121588479,1.66555157468918,1.67034074561046,1.67437517300861,1.67766088355919,1.6802032965795,1.68200705937897,1.68307591064195,1.68341257431685,1.68301868591066,1.68189475248379,1.68004014701897,1.67745313720957,1.67413094808974,1.67006985732017,1.66526532136027,1.65971213021,1.65340458790102,1.64633671546756,1.63850247273917,1.62989599497914,1.62051184014938,1.610345242421,1.5993923674722,1.58765056512554,1.57511861497248,1.56179696081487,1.547687930015,1.53279593418137,1.51712764801877,1.50069216362705,1.48350111803083,1.46556879224917,1.44691218075541,1.42755103071744,1.40750785093534,1.38680789089094,1.36547909078265,1.34355200382784,1.32105969246766,1.29803760039969,1.27452340259158,1.25055683559331,1.22617951057095,1.20143471153587,1.17636718124775,1.15102289723504,1.12544884031256,1.09969275789099,1.07380292427544,1.04782790004769,1.02181629252461,0.995816519187988,0.969876575890491,0.944043811559732,0.918364711045835,0.892884687684945,0.867647887078537,0.842697003511574,0.81807311034752,0.793815505640634,0.769961574092515,0.746546666348218,0.723603996475828,0.701164558302657,0.679257061092182,0.657907884841549,0.637141055263288,0.616978238291743,0.597438753729681,0.578539607428994,0.560295541187065,0.542719099342031,0.525820710870787,0.509608785636676,0.494089823302573,0.479268533321347,0.465147964340541,0.451729641311569,0.439013708574898,0.426999077200093,0.415683574890893,0.405064096818062,0.395136755813603,0.38589703044588,0.37733990959314,0.369460032239754,0.362251821332458,0.355709610650376,0.349827763760427,0.344600784247141,0.340023416521317,0.336090736624398,0.332798232554038,0.330141873740626,0.32811816940418,0.326724215615896,0.325957730978651,0.325817080925827,0.326301290717849,0.327410047290704,0.329143690179982,0.331503191807496,0.334490127474593,0.338106635456479,0.342355367634661,0.347239431139535,0.352762321501904,0.35892784783083,0.365740050545984,0.373203112196352,0.381321261894952,0.390098673892978,0.399539360808503,0.409647062017524,0.420425127711356,0.43187639912761,0.444003085475242,0.45680663810038,0.470287622481321,0.484445588699994,0.499278941114125,0.51478480804919,0.530958912440318,0.547795444479094,0.565286937454485,0.583424148115761,0.602195943022016,0.621589192470901,0.641588673710833,0.662176985229064,0.683334473965109,0.70503917731877,0.727266781798851,0.749990600088072,0.773181568179247,0.796808264066133,0.82083694924998,0.845231634052372,0.869954167409899,0.894964351472383,0.920220080940292,0.945677506666595,0.971291222622388,0.997014474893481,1.02279939094674,1.04859722699015,1.07435863085955,1.10003391750704,1.12557335385099,1.15092744948362,1.17604724952641,1.20088462578395,1.22539256227675,1.24952543123755,1.27323925573581,1.29649195525024,1.31924357073836,1.34145646605102,1.36309550290245,1.38412818702486,1.40452478360265,1.42425840058275,1.44330503898481,1.46164360987438,1.4792559182028,1.49612661424666,1.51224311388683,1.52759548944186,1.54217633320392,1.55598059621131,1.56900540512269,1.58124986033313,1.5927148186864,1.60340266429348,1.61331707106352,1.62246276059371,1.6308452590513,1.63847065661892,1.6453453729671,1.65147593207063,1.65686874950179,1.66152993511895,1.6654651138259,1.66867926681012,1.67117659537961,1.67296040920944,1.67403304048457,1.67439578508414,1.67404887159864,1.67299145860375,1.67122166023796,1.66873659974504,1.66553249025206,1.66160474166067,1.65694809213946,1.65155676232353,1.64542462995967,1.63854542238935,1.63091292394497,1.62252119505531,1.61336479962219,1.60343903705112,1.59274017519974,1.58126568045807,1.5690144411962,1.55598698091341,1.54218565759665,1.52761484604522,1.51228110023708,1.49619329319359,1.47936273223396,1.46180324798625,1.44353125602398,1.42456579051305,1.40492850976457,1.38464367408294,1.36373809675786,1.34224106946343,1.32018426368491,1.29760161008692,1.2745291579616,1.2510049170491,1.22706868410838,1.20276185663849,1.17812723611598,1.15320882303355,1.12805160590789,1.10270134628426,1.07720436161113,1.05160730770267,1.02595696235821,1.00030001157369,0.974682839666335,0.949151324542211,0.923750639268651,0.898525061066705,0.873517788810379,0.848770770103483,0.824324538995394,0.800218065387436,0.776488617164692,0.753171636058077,0.730300628192541,0.707907070205548,0.686020331722574,0.664667614852253,0.643873911213671,0.623661976834057,0.604052325060558,0.585063237419553,0.566710792136631,0.549008909806379,0.531969415479783,0.515602116224885,0.49991489301931,0.484913805656922,0.470603209199445,0.456985880381187,0.444063152283157,0.431835055533168,0.420300464261001,0.409457245041219,0.399302407088923,0.389832252032572,0.381042521669727,0.372928542212024,0.365485363640946,0.358707892921517,0.352591019952961,0.347129735269646,0.342319238638737,0.338155037830005,0.334633036955517,0.331749613890757,0.329501686392625,0.327886766623207,0.326903003870978,0.326549215333599
59,0.288891097244371,0.289153220512761,0.290011286212958,0.291466286120724,0.293519937742924,0.296174654735009,0.299433505664984,0.303300161302557,0.307778830653051,0.312874186004749,0.318591277317843,0.324935436354925,0.331912171038216,0.339527050618177,0.347785582351786,0.356693080515588,0.366254528716904,0.376474436613469,0.387356692303401,0.398904411799059,0.411119787144215,0.424003934867791,0.437556746582061,0.451776743621804,0.466660937676262,0.482204699381733,0.49840163681381,0.515243485740826,0.532720013372232,0.550818937157504,0.56952585996591,0.588824222710364,0.60869527517764,0.629118065503103,0.650069448392713,0.671524111862328,0.693454621948278,0.715831484557825,0.73862322338611,0.761796472638372,0.785316083170275,0.809145240599453,0.833245593948189,0.857577393446455,0.882099636248401,0.90677021898189,0.931546096244872,0.956383444367243,0.981237829953839,1.00606438289533,1.03081797366205,1.05545339476685,1.07992554628601,1.10418962525568,1.12820131861418,1.15191699914082,1.17529392355913,1.1982904316406,1.22086614478044,1.24298216214181,1.26460125210062,1.2856880363929,1.30620916409303,1.32613347235388,1.34543213073566,1.36407876595259,1.38204956398217,1.39932334671404,1.41588162066159,1.43170859571025,1.44679117242121,1.46111889702851,1.47468388394387,1.4874807062926,1.4995062557242,1.51075957344801,1.52124165511609,1.53095523279155,1.53990453778316,1.54809504858112,1.55553322848387,1.56222625775324,1.5681817652722,1.57340756470475,1.57791140007408,1.58170070548844,1.58478238346146,1.5871626059053,1.58884664142993,1.5898387120734,1.59014188202658,1.58975798031436,1.58868755876521,1.58692988595411,1.58448297715161,1.5813436596648,1.57750767232546,1.57296979727579,1.56772402163455,1.56176372610347,1.55508189710706,1.5476713586545,1.53952501978029,1.53063613316613,1.52099856037629,1.51060703905742,1.49945744746264,1.48754706176002,1.47487480177542,1.46144146109448,1.44724991780135,1.43230532255476,1.41661526118192,1.4001898894962,1.38304203859985,1.36518728950289,1.3466440164581,1.32743339896444,1.30757940291219,1.28710873182083,1.26605074954402,1.24443737617748,1.22230295919999,1.19968412210366,1.1766195929281,1.15315001520755,1.12931774387855,1.10516662868398,1.08074178755972,1.05608937241046,1.0312563295829,1.00629015723662,0.98123866170279,0.956149714815752,0.931071014106036,0.906049847657747,0.881132865358704,0.856365858206147,0.831793547270708,0.807459383862212,0.783405362377219,0.759671847234708,0.736297415217928,0.713318714432808,0.690770340963612,0.668684734152945,0.647092091256033,0.62602030201976,0.605494903518727,0.585539055347662,0.56617353502768,0.547416753238987,0.529284788251323,0.511791438692022,0.494948293576007,0.478764818327811,0.463248455357081,0.448404737609355,0.434237413405527,0.420748580807078,0.407938829699971,0.395807389776805,0.384352282612359,0.37357047606933,0.363458039335634,0.354010296978332,0.34522198049861,0.337087375983241,0.329600466567341,0.322755068547487,0.316544960110749,0.310964001771288,0.306006247729996,0.30166604749272,0.297938137197763,0.29481772021304,0.292300536667005,0.290382921675346,0.289061852117394,0.288334981902528,0.288200665747725,0.288657971563057,0.289706681612244,0.291347282680577,0.293580945542045,0.296409494071306,0.299835364393519,0.303861554505681,0.308491564836391,0.313729330236686,0.319579143912494,0.326045573819744,0.333133372046745,0.34084737770635,0.349192413854263,0.358173178941832,0.36779413330445,0.378059381183301,0.388972548781803,0.40053665887213,0.412754002494445,0.425626008334825,0.439153110428965,0.453334614918646,0.468168566686468,0.483651616809934,0.499778891905884,0.516543866576208,0.533938240310544,0.551951820344566,0.570572412106557,0.589785719002294,0.609575253381349,0.629922260589115,0.650805658031538,0.672201991157955,0.694085408197205,0.716427655360498,0.739198094050235,0.762363741387739,0.785889335097008,0.809737423460164,0.833868480698725,0.85824104774005,0.88281189790811,0.907536226640994,0.932367863893665,0.957259507443275,0.982162974886018,1.00702947170895,1.03180987244769,1.05645501161041,1.08091598076989,1.10514442800545,1.12909285572357,1.15271491280511,1.17596567702206,1.1988019237411,1.2211823770844,1.24306793994912,1.26442189959202,1.2852101058585,1.30540111956878,1.32496632905837,1.34388003339307,1.36211949133097,1.37966493566912,1.39649955318095,1.41260943090648,1.42798347009106,1.44261326956718,1.45649298082963,1.46961913745785,1.48199046188614,1.49360765280729,1.5044731567173,1.51459092726664,1.52396617617972,1.53260511954023,1.54051472322061,1.54770245116326,1.55417602010352,1.55994316416659,1.56501141257552,1.56938788348154,1.57307909667432,1.57609080765272,1.57842786523835,1.58009409459848,1.58109220721162,1.581423738962,1.58108901718763,1.58008715713303,1.57841608787321,1.57607260738182,1.57305246601584,1.56935047728603,1.56496065437949,1.55987637050435,1.55409054074335,1.54759582273906,1.54038483319838,1.53245037690563,1.52378568468134,1.51438465652687,1.50424210606128,1.49335400229411,1.48171770479144,1.4693321883863,1.45619825376004,1.44231872047594,1.42769859937767,1.41234524166326,1.39626846240201,1.37948063676322,1.36199676775735,1.34383452483588,1.32501425323886,1.30555895450253,1.28549423902672,1.26484825203979,1.24365157467595,1.22193710218692,1.19973990154218,1.17709705082854,1.1540474629418,1.13063169607678,1.10689175347561,1.08287087479804,1.05861332134404,1.03416415720129,1.00956902822069,0.984873940553575,0.960125040325561,0.935368395881416,0.910649783919163,0.886014480742116,0.861507059795314,0.837171196615348,0.813049482305311,0.789183246643553,0.765612391938503,0.742375238744385,0.719508384546237,0.697046576500012,0.67502259926865,0.653467178923042,0.632408903774951,0.611874162876024,0.59188710275409,0.572469602767346,0.553641269243433,0.535419448339169,0.517819257314625,0.500853633669508,0.484533401347985,0.468867352987451,0.45386234697422,0.439523417880668,0.425853898698992,0.412855553160169,0.40052871633539,0.388872441661998,0.377884652516826,0.367562296474822,0.357901500437706,0.348897724892309,0.340545915657192,0.332840651594268,0.325776286894732,0.3193470866906,0.313547354889924,0.308371553280926,0.303814411093916,0.299871024346808,0.296536944427563,0.293808255483152,0.291681640288359,0.290154434358566,0.28922466814846,0.288891097244371
60,0.254816509418494,0.255064772081195,0.255876041080649,0.257251410354665,0.259192749964802,0.261702676061758,0.264784509234624,0.268442221392181,0.272680371356574,0.277504029391899,0.282918690945009,0.288930179945307,0.295544542095934,0.302767928691417,0.310606471616547,0.31906615031704,0.328152651682434,0.337871223942563,0.348226525846605,0.35922247256274,0.370862079900482,0.383147308609556,0.396078910640928,0.40965627935921,0.423877305763233,0.438738242795892,0.454233579799241,0.470355929091875,0.487095926510567,0.504442147567178,0.522381040628127,0.540896878233327,0.559971727343339,0.579585438949358,0.599715657114241,0.62033784714955,0.641425342289471,0.662949407913277,0.684879322108003,0.707182471164437,0.729824458470974,0.752769225216339,0.775979181333623,0.799415345210191,0.823037490841382,0.846804301307045,0.87067352768199,0.894602152734526,0.918546559001074,0.942462701028303,0.9663062817286,0.990032932883402,1.01359839984008,1.0369587303742,1.06007046752883,1.08289084600011,1.10537799132388,1.12749112074731,1.14919074426091,1.17043886384533,1.19119916857602,1.21143722285603,1.23112064473476,1.25021927104254,1.26870530594526,1.28655344951382,1.30374100301871,1.32024794790306,1.33605699575388,1.35115360707343,1.3655259772343,1.37916498866572,1.39206412904213,1.40421937600326,1.41562904970354,1.42629363524102,1.43621557772903,1.44539905342512,1.45384972090254,1.46157445672444,1.46858108044855,1.47487807404303,1.48047430092867,1.48537872987986,1.48960016891927,1.4931470141359,1.49602701805266,1.49824708177622,1.49981307469277,1.50072968493864,1.50100030328795,1.50062694247336,1.49961019330188,1.49794921825776,1.49564178261092,1.49268432238092,1.48907204785657,1.4847990807471,1.47985862245469,1.47424315041818,1.4679446389939,1.4609548009204,1.45326534506825,1.44486824591003,1.43575601996772,1.42592200440692,1.41536063295553,1.40406770442695,1.39204063932511,1.37927872029488,1.36578331255093,1.35155806086097,1.33660906016325,1.32094499745024,1.30457726313364,1.28752003070457,1.26979030409946,1.25140793276024,1.23239559492142,1.21277875015274,1.19258556262323,1.17184679692204,1.15059568856894,1.12886779157013,1.10670080552615,1.08413438488199,1.0612099329323,1.03797038316779,1.01445997048157,0.990723994658866,0.966808578461683,0.942760422500899,0.918626558971827,0.894454106221647,0.870290026022834,0.84618088534768,0.822172624374643,0.798310332404916,0.774638033322517,0.751198482187784,0.728032974505606,0.705181169649607,0.682680929845518,0.660568176016096,0.638876761662584,0.617638365801753,0.596882405793313,0.576635970681575,0.556923775441581,0.537768136268591,0.519188966787344,0.501203794790986,0.483827798856552,0.467073863931899,0.450952654754856,0.43547270575531,0.420640525909951,0.406460716871281,0.392936102579484,0.380067868489018,0.367855708500828,0.356297977684449,0.345391848899401,0.335133471478784,0.325518130215982,0.316540402993551,0.308194315507325,0.300473491664196,0.293371298364764,0.286880983518522,0.280995806276046,0.275709158597295,0.271014677405319,0.266906346699051,0.263378589116169,0.26042634654709,0.258045149503421,0.256231175039235,0.254981293111473,0.25429310134723,0.254164948261193,0.254595945036448,0.255585966046754,0.257135638358182,0.259246320502899,0.261920070867487,0.265159606082262,0.268968249836042,0.273349872572366,0.278308822547733,0.283849848749967,0.289978016185395,0.296698614047642,0.304017057279621,0.311938782035191,0.320469135540201,0.329613260846752,0.33937597697253,0.349761654922353,0.360774090104747,0.372416371685803,0.384690749468196,0.397598498947196,0.41113978527872,0.425313526996679,0.44011726043679,0.455547005958438,0.471597137201068,0.488260254761251,0.505527065824336,0.52338627142315,0.541824463117526,0.560826030984648,0.580373084873691,0.600445390902096,0.621020325149376,0.642072846433073,0.663575489927748,0.685498383210517,0.707809286086428,0.730473655266344,0.753454734643069,0.776713671543729,0.800209658934766,0.823900103128215,0.847740816092768,0.871686231020183,0.895689639346122,0.919703446985177,0.943679447122174,0.967569106516351,0.991323861931105,1.01489542300919,1.03823607767989,1.06129899601854,1.08403852838617,1.10641049366273,1.12837245345451,1.14988396830645,1.17090683218088,1.19140528177421,1.21134617762461,1.23069915441052,1.24943673834123,1.26753443008522,1.28497075225722,1.30172726107635,1.31778852240258,1.33314205294171,1.34777822796857,1.36169015744136,1.37487353285663,1.38732644761684,1.39904919404303,1.4100440404606,1.42031499201449,1.42986753902988,1.43870839682951,1.44684524094967,1.45428644167056,1.46104080169622,1.46711730069119,1.47252485021147,1.47727206236071,1.4813670352653,1.4848171581979,1.48762893889213,1.4898078552849,1.4913582335996,1.49228315434409,1.49258438744526,1.49226235737506,1.49131613874512,1.48974348245687,1.48754087209454,1.48470360984075,1.48122593078183,1.47710114405649,1.47232179889245,1.46687987317675,1.46076698182551,1.45397460186535,1.44649431082141,1.43831803473596,1.42943830192629,1.41984849844034,1.40954312109217,1.39851802396254,1.38677065433807,1.37430027423692,1.36110816392897,1.3471978041992,1.33257503451816,1.31724818476035,1.3012281786384,1.28452860758124,1.26716577436068,1.24915870634468,1.23052913880921,1.21130146925598,1.19150268414574,1.17116225985343,1.15031203997259,1.12898609133715,1.10722054128689,1.08505339878137,1.06252436197184,1.03967461478152,1.01654661493254,0.993183875707352,0.969630743557503,0.945932173486784,0.922133503953229,0.898280232865169,0.874417796100264,0.850591349858438,0.826845558073179,0.803224386050251,0.779770901475749,0.756527083930977,0.733533644062783,0.710829853575956,0.68845338723027,0.666440178029529,0.644824286775456,0.623637787118484,0.602910667165269,0.582670748595795,0.562943624100393,0.543752613769973,0.525118740864546,0.507060727150817,0.489595007745929,0.472735765138949,0.456494981792952,0.440882510467001,0.425906161147452,0.411571803249377,0.397883481548365,0.384843544135803,0.372452780560985,0.360710568233505,0.349615025109973,0.339163166679621,0.329351065291543,0.32017400992891,0.311626664628087,0.303703223858257,0.296397563314308,0.289703384726785,0.283614353452017,0.278124227767785,0.273226978960263,0.268916901442194,0.265188712286918,0.262037639695102,0.259459500029109,0.257450763152628,0.256008605900272,0.2551309535737,0.254816509418494
61,0.224062289053867,0.224296513142764,0.225061690830622,0.226359013158681,0.228190493266605,0.230558936067033,0.233467896387114,0.236921625689508,0.24092500750794,0.245483481767093,0.250602958206108,0.256289719191797,0.262550312293573,0.269391433098008,0.276819798867054,0.284842013789195,0.293464426735135,0.302692982605529,0.312533068543161,0.322989356469831,0.334065643591922,0.345764692690085,0.358088074158913,0.37103601188272,0.384607235114769,0.398798838561051,0.413606152849241,0.4290226274834,0.445039728242759,0.461646850778595,0.478831251900066,0.496577999724739,0.514869943512202,0.533687703612924,0.553009681564515,0.572812089971353,0.593069001428914,0.613752415418865,0.634832341821198,0.656276899478988,0.678052428119556,0.700123611888283,0.722453612788176,0.745004212434393,0.767735960717702,0.790608330209051,0.813579875409779,0.836608396236522,0.859651105403051,0.882664799600041,0.905606034556417,0.928431304174551,0.951097223952044,0.973560718827719,0.995779215416546,1.01771083833269,1.03931460995294,1.06055065256154,1.08138039136429,1.10176675638987,1.12167438083806,1.14106979301623,1.1599215986538,1.17820065012445,1.19588019895801,1.21293602800291,1.22934655971518,1.24509293730377,1.26015907585046,1.27453168103511,1.28820023371762,1.30115693933668,1.31339664185608,1.32491670279757,1.33571684671524,1.34579897526419,1.35516695276928,1.3638263668848,1.37178426853308,1.37904889580392,1.38562938687451,1.39153548726568,1.39677725688066,1.40136478227939,1.40530789952825,1.40861593274109,1.41129745310069,1.41336006273364,1.414810207317,1.41565302073659,1.41589220450596,1.41552994400641,1.41456686293284,1.41300201664065,1.4108329243956,1.40805563984324,1.40466485834666,1.40065405920088,1.39601568013012,1.39074132091807,1.38482197252254,1.37824826759236,1.37101074794508,1.36310014428744,1.35450766327228,1.34522527689278,1.33524600921948,1.32456421558982,1.31317584956282,1.30107871324814,1.28827268700332,1.27475993495483,1.26054508332562,1.24563536912923,1.23004075740153,1.2137740257678,1.19685081576682,1.1792896509573,1.16111192239825,1.14234184260895,1.12300636956429,1.10313510265853,1.08276015286936,1.06191598957371,1.04063926660875,1.01896863024196,0.996944511721792,0.974608907035193,0.952005146414027,0.929177656020225,0.90617171411347,0.88303320387576,0.859808364944451,0.836543545596462,0.813284957435599,0.79007843436425,0.76696919756861,0.744001628209663,0.721219049484377,0.698663519696096,0.67637563794166,0.654394363977757,0.632756853762794,0.61149831207726,0.590651863500815,0.570248442865908,0.550316706115618,0.530882962269912,0.511971126953985,0.493602697670793,0.475796750714945,0.458569959335055,0.441936632465191,0.425908773071887,0.410496154909166,0.395706416247317,0.381545168947244,0.36801612109549,0.355121211297831,0.342860752652718,0.331233584389231,0.320237229155387,0.309868053978869,0.300121432988991,0.290991910081787,0.282473359824066,0.274559145022292,0.267242269523002,0.260515524958633,0.25437163030186,0.248803363239169,0.243803682517664,0.239365840555595,0.2354834857353,0.232150753916373,0.229362348816307,0.22711361100591,0.225400575357866,0.224220016869612,0.223569484857097,0.223447325584889,0.223852693461293,0.224785550985268,0.22624665768549,0.228237548341081,0.23076050081822,0.233818493896993,0.237415155497779,0.241554701745997,0.246241867337547,0.25148182768458,0.257280113332352,0.263642517143235,0.27057499474437,0.278083558732468,0.286174167124822,0.294852606542281,0.304124370610682,0.313994534075347,0.324467623141952,0.335547482589596,0.347237140250896,0.359538669521362,0.372453050647273,0.385980031647415,0.40011798984791,0.414863795147947,0.430212676283034,0.446158091505778,0.46269160525532,0.479802772527754,0.497479032783206,0.515705615322544,0.534465458130396,0.55373914220423,0.573504843366164,0.593738303480431,0.614412822872518,0.635499275564987,0.656966148710691,0.678779607319204,0.700903585040903,0.723299901400809,0.745928405467845,0.768747145512389,0.791712563754213,0.814779714843625,0.837902506259966,0.861033958363903,0.884126481412758,0.907132166451907,0.930003086639439,0.952691605255914,0.975150686404555,0.997334204228386,1.01919724636606,1.04069640734356,1.06179006765823,1.08243865445632,1.10260487993541,1.12225395391539,1.14135376741082,1.15987504449576,1.17779146026954,1.19507972329578,1.21171962148525,1.22769403100895,1.24298888844914,1.2575931270053,1.27149857815671,1.28469984073067,1.29719411982266,1.30898103845515,1.3200624252358,1.33044208158155,1.34012553230798,1.34911976354548,1.35743295203552,1.36507418988625,1.37205320883163,1.37838010794768,1.38406508863973,1.38911820053303,1.39354910168011,1.39736683624961,1.40057963258697,1.40319472424112,1.40521819623781,1.40665485855058,1.4075081483767,1.40778006246925,1.40747112040708,1.40658035930353,1.405105360062,1.40304230488267,1.40038606531247,1.3971303197103,1.39326769857761,1.38878995578375,1.38368816330318,1.37795292668612,1.37157461811261,1.36454362354465,1.35685060019999,1.34848674033766,1.33944403717698,1.32971554868034,1.31929565492151,1.30818030484141,1.29636724836551,1.28385625011972,1.27064928133127,1.25675068693044,1.24216732536583,1.22690867919726,1.21098693511834,1.19441703266727,1.17721668148926,1.15940634759788,1.14100920962592,1.12205108654378,1.1025603387392,1.08256774468817,1.06210635569521,1.0412113313417,1.01991975835546,0.998270455610488,0.976303767893319,0.954061350944343,0.931585950114362,0.908921174783825,0.886111270490506,0.8632008905149,0.840234868493663,0.817257993479483,0.794314788747,0.771449295561703,0.748704863081437,0.726123945544646,0.703747907909255,0.681616841132782,0.65976938831793,0.638242582978375,0.617071700696317,0.596290125437426,0.575929231752473,0.556018284022071,0.536584353788549,0.517652256065851,0.499244505326167,0.481381291634747,0.464080477147931,0.447357612911729,0.431225975607959,0.415696623601863,0.400778471358846,0.386478381028032,0.37280126974526,0.359750230995384,0.347326668199183,0.335530438557929,0.324360005101142,0.313812594840732,0.303884360936383,0.294570546819856,0.285865650305849,0.277763585828827,0.270257843083029,0.263341640500292,0.257008072170836,0.251250246989554,0.246061418988565,0.241435107990601,0.237365209882567,0.233846095960647,0.230872700934841,0.228440599299939,0.226546069880702,0.225186148441455,0.224358668314942,0.224062289053867
62,0.196376786710213,0.196596910026868,0.197316892149056,0.198538015319589,0.200262425404806,0.202493101445833,0.205233813803708,0.208489070970152,0.212264055128192,0.216564546573251,0.221396837149189,0.226767632917565,0.232683946364417,0.239152978558091,0.246181991804382,0.253778173500512,0.261948492064848,0.270699546011218,0.280037407439902,0.289967461425448,0.300494242986311,0.311621273514039,0.323350898710455,0.335684130219785,0.348620493238859,0.362157882433108,0.376292428470973,0.391018377408814,0.406327985009009,0.422211427855834,0.438656732850239,0.45564972632336,0.473174003620313,0.491210919585202,0.509739599942441,0.528736973137744,0.548177821794611,0.568034852578572,0.588278782959999,0.608878443142118,0.62980089128498,0.651011540114525,0.672474293058594,0.694151688193057,0.716005048499118,0.737994637210299,0.760079817342938,0.782219214832511,0.804370885013612,0.826492482457887,0.848541434397679,0.87047511809333,0.892251042533636,0.913827034783264,0.935161431105804,0.956213272702414,0.976942505525902,0.99731018317805,1.01727867139818,1.03681185213204,1.05587532466261,1.07443660082004,1.09246529089557,1.1099332765923,1.12681486717444,1.14308693494419,1.15872902629007,1.17372344481564,1.18805530346775,1.20171254312754,1.21468591578716,1.22696893118841,1.23855776661829,1.24945114041356,1.25965015058972,1.26915808085184,1.27798017703588,1.28612339774682,1.29359614358106,1.30040796983084,1.30656928795478,1.31209106135498,1.31698450112556,1.32126076743187,1.32493068204971,1.32800445734923,1.33049144665928,1.33239992050755,1.33373687271428,1.33450785973493,1.33471687601548,1.33436626745463,1.33345668437331,1.33198707468527,1.32995471725369,1.32735529471867,1.32418300439834,1.32043070521253,1.31609009796158,1.31115193572343,1.30560626061947,1.29944266275237,1.29265055674764,1.28521947104163,1.27713934486138,1.26840082774143,1.25899557642317,1.24891654408709,1.23815825707487,1.22671707456395,1.21459142705544,1.2017820300153,1.18829206955821,1.17412735766464,1.15929645506007,1.14381076053844,1.12768456616345,1.11093507840927,1.09358240589016,1.07564951486056,1.05716215412877,1.03814875141211,1.01864028346037,0.998670122489733,0.978273861601069,0.957489121913195,0.936355344132242,0.914913567214806,0.89320619667948,0.871276764992364,0.849169686311644,0.826930007736605,0.804603159078107,0.782234703058342,0.759870087761993,0.737554403100293,0.715332143011734,0.693246975103868,0.671341519432472,0.649657138108949,0.628233737414596,0.607109584071999,0.586321137270711,0.565902897959358,0.545887276794605,0.526304481976098,0.507182427995991,0.488546666094333,0.470420336942673,0.452824145784779,0.435776359954081,0.419292828371939,0.403387022319198,0.388070096475623,0.37335096894667,0.359236418752816,0.345731199049422,0.332838164179705,0.320558408542393,0.308891415179867,0.297835211961292,0.287386533245624,0.277540984957914,0.268293211094021,0.259637059778285,0.251565747129986,0.244072017341662,0.237148297529786,0.23078684608067,0.224979893377064,0.219719773949733,0.214999049250223,0.210810620383636,0.207147830272002,0.204004554838903,0.201375282914279,0.199255184655091,0.197640168363641,0.19652692566189,0.195912965048264,0.19579663392463,0.196177129236267,0.197054496918082,0.198429620386492,0.200304198358944,0.202680712322124,0.205562384005333,0.208953123247071,0.212857466670057,0.217280507602312,0.222227817699228,0.227705360733554,0.233719399027399,0.240276393003269,0.247382894331276,0.255045433148734,0.263270399828923,0.272063921780639,0.281431735772455,0.291379056298709,0.301910440541059,0.313029650532889,0.324739513205611,0.337041779087149,0.349936980533132,0.363424290499127,0.37750138300427,0.39216429658853,0.407407302221608,0.42322277727421,0.439601087304424,0.456530477535035,0.473996975993776,0.491984310350043,0.5104738405018,0.529444508939591,0.548872810836769,0.568732785683746,0.588996032098725,0.609631747208879,0.630606791707307,0.651885781356337,0.673431205332511,0.6952035713996,0.71716157746064,0.739262308586637,0.761461458156981,0.783713571283908,0.805972308240305,0.828190725176115,0.850321569004037,0.872317582969468,0.894131819102931,0.915717953494633,0.937030600139267,0.958025618982225,0.978660413762689,0.998894215299098,1.01868834600096,1.03800646161807,1.05681476655172,1.07508219944707,1.09278058625414,1.10988475847644,1.12637263490853,1.14222526578297,1.15742683888783,1.17196464786137,1.18582902350618,1.19901322957472,1.21151332504817,1.22332799544907,1.23445835618499,1.24490773130857,1.25468141139324,1.2637863944621,1.27223111406974,1.28002515872543,1.28717898686535,1.29370364153742,1.2996104688603,1.30491084416645,1.3096159095444,1.31373632626443,1.3172820453114,1.32026209896358,1.32268441605217,1.32455566321504,1.32588111412443,1.32666454832085,1.32690818092749,1.32661262414928,1.32577688107892,1.32439837193914,1.3224729924851,1.31999520387555,1.31695815289733,1.31335382099846,1.30917320015501,1.30440649317305,1.29904333561608,1.29307303616084,1.2864848318296,1.27926815423754,1.27141290273966,1.26290972017568,1.2537502668027,1.24392748798343,1.23343587126867,1.22227168868024,1.21043322026405,1.19792095533983,1.18473776831561,1.1708890664505,1.15638290752335,1.14123008598,1.12544418676773,1.10904160670069,1.0920415438144,1.07446595573853,1.05633948862936,1.03768937863903,1.01854532824914,0.99893936005281,0.978905650731809,0.958480348045948,0.937701373638404,0.916608214374576,0.895241704787716,0.873643803018454,0.851857362424784,0.829925900821004,0.807893369094138,0.785803920757858,0.763701683846895,0.741630536436091,0.719633886990338,0.697754460713575,0.676034093062401,0.654513531615148,0.633232247530825,0.6122282578829,0.591537960198862,0.571195980566228,0.551235036668933,0.531685817086123,0.512576878111935,0.493934559236394,0.475782918262987,0.458143686830185,0.441036246856516,0.424477628148955,0.408482527111231,0.393063346172184,0.37823025323572,0.363991260143889,0.350352318853985,0.337317433768679,0.324888788433306,0.313066884632771,0.301850691786515,0.291237804455862,0.281224605743955,0.271806434382717,0.262977753360191,0.254732318040352,0.247063341859873,0.239963657845543,0.233425874374762,0.227442523792431,0.222006202693635,0.217109702876074,0.212746132153531,0.208909024396848,0.205592438327959,0.20279104473268,0.20050020187746,0.198716019013234,0.197435407926287,0.196656122552589,0.196376786710213
63,0.171520243745423,0.171726316922758,0.172402175240544,0.173549185492651,0.175169615182002,0.177266602118946,0.179844112781556,0.182906889464304,0.18646038624308,0.190510693802192,0.195064453206627,0.200128758763425,0.205711050201893,0.211818994515009,0.21846035794391,0.22564286875302,0.233374071632468,0.241661174773255,0.250510890883273,0.259929273641757,0.269921551317172,0.280491959489021,0.291643575006603,0.303378153476012,0.315695972679241,0.328595684385819,0.34207417700865,0.356126451475227,0.370745512529009,0.385922277443487,0.401645503826918,0.41790173782693,0.434675283623275,0.451948194640018,0.469700286434412,0.487909170750099,0.506550309779455,0.525597089285899,0.545020908911985,0.564791287760094,0.584875983191688,0.605241120755201,0.625851333221594,0.646669906874126,0.667658933451472,0.688779466462044,0.709991680947936,0.731255036151992,0.75252844090179,0.773770421841031,0.794939294885284,0.815993340432663,0.836890982904111,0.857590975112624,0.878052587764085,0.898235804080342,0.918101519121822,0.937611742893328,0.956729805769641,0.975420564208524,0.993650604161283,1.01138843907948,1.02860469898318,1.04527230673073,1.06136663743587,1.07686565693362,1.09175003531077,1.10600323179325,1.11961154771526,1.13256414487062,1.14485302724568,1.15647298493127,1.16742149987731,1.17769861405914,1.18730676153429,1.19625056675302,1.20453661231401,1.21217318010415,1.2191699704046,1.22553780406952,1.23128831327578,1.23643362659664,1.24098605426836,1.24495777949872,1.24836056151849,1.25120545581087,1.25350255658203,1.2552607660726,1.25648759476936,1.25718899597297,1.2573692375263,1.25703081282112,1.25617439249164,1.25479881748322,1.2529011334634,1.2504766658312,1.24751913388755,1.24402080206506,1.23997266548802,1.23536466655195,1.23018593868754,1.22442507301389,1.21807040320197,1.21111030356868,1.20353349521407,1.19532935490588,1.18648822141095,1.17700169407583,1.16686291866855,1.15606685580617,1.14461052770261,1.13249323946691,1.1197167717514,1.10628554217412,1.09220673360325,1.07749038807147,1.06214946576506,1.04619986918502,1.02966043318621,1.01255288214921,0.994901756013047,0.976734307286826,0.95808037145809,0.938972213424202,0.919444352694742,0.899533370154096,0.879277699146078,0.858717403559735,0.83789394547308,0.816849944765034,0.795628932950932,0.774275103347159,0.752833059537265,0.73134756400346,0.709863288708229,0.688424569361979,0.667075165091356,0.645858025223271,0.624815064913422,0.603986951364856,0.583412902391045,0.563130499067869,0.543175514180112,0.523581758092229,0.50438094355454,0.485602570791784,0.467273834011167,0.449419550214777,0.432062110912553,0.415221457014815,0.39891507684799,0.383158026894424,0.367962974518687,0.353340261619741,0.339297987850992,0.325842111787718,0.31297656820036,0.300703399418249,0.289022898643787,0.277933763003134,0.267433254094334,0.257517363814752,0.248180983311927,0.239418072999932,0.231221831710643,0.223584863199149,0.216499338388244,0.209957151911854,0.203950071695612,0.198469880489249,0.19350850843571,0.18905815592251,0.185111406109357,0.181661326660882,0.178701560333862,0.17622640417448,0.174230877173844,0.172710776310074,0.171662720974518,0.171084185839469,0.170973522277026,0.171329968484876,0.172153648516271,0.17344556044935,0.175207553966004,0.177442297643018,0.180153236288449,0.183344538683787,0.187021036117073,0.191188152113317,0.195851823785976,0.201018415246583,0.20669462351917,0.212887377412433,0.219603729806787,0.226850743817359,0.234635373299677,0.242964338175251,0.251843995072248,0.261280203805326,0.271278190261295,0.281842406316272,0.292976387487066,0.304682609115704,0.316962342000643,0.329815508519774,0.343240540435306,0.357234239724516,0.371791643937106,0.386905897732431,0.402568132390522,0.418767355211296,0.435490350808891,0.452721596364928,0.470443192919294,0.48863481474448,0.507273678765714,0.526334535852169,0.545789685613974,0.565609016097086,0.585760069476012,0.606208134507573,0.626916366132517,0.647845932202521,0.668956186875139,0.690204869766303,0.711548329487482,0.732941769731106,0.754339515612678,0.775695297540121,0.796962549470498,0.818094718040628,0.839045578731661,0.859769554957769,0.880222035765371,0.900359687699768,0.92014075634862,0.939525353111288,0.958475722873702,0.976956488490824,0.994934868291577,1.01238086321931,1.02926741069725,1.04557050285266,1.06126926733212,1.07634600958018,1.09078621611621,1.10457851901504,1.11771462245674,1.13018919284535,1.14199971458841,1.15314631416821,1.16363155560849,1.1734602108414,1.18263900880139,1.19117636731516,1.19908211201839,1.20636718661461,1.21304335880337,1.21912292615025,1.2246184260577,1.22954235383066,1.2339068926229,1.2377236588064,1.24100346603363,1.24375611096795,1.24599018334459,1.24771290269814,1.24892998375418,1.24964553213389,1.24986197166208,1.24958000419993,1.24879860254391,1.24751503654035,1.24572493216154,1.24342236287301,1.24059997219579,1.23724912593325,1.23336009209474,1.228922246114,1.22392429853621,1.21835454194389,1.21220111351956,1.20545226931348,1.19809666601114,1.19012364578926,1.18152351972267,1.1722878451674,1.1624096926045,1.15188389759043,1.14070729372187,1.1288789228848,1.11640021950936,1.10327516608474,1.08951041778311,1.07511539468299,1.06010234074631,1.04448634936908,1.02828535596881,1.01152009867161,0.994214048697894,0.976393312501887,0.958086508084722,0.939324618165914,0.920140823062483,0.900570316191568,0.880650105089525,0.860418800740829,0.839916397849088,0.819184048478409,0.798263831264774,0.77719851816281,0.756031340470004,0.734805755672645,0.713565216496277,0.692352943425245,0.671211701883723,0.650183585242869,0.62930980483018,0.608630488159229,0.588184486659561,0.568009194255195,0.54814037820256,0.52861202364218,0.509456193331229,0.490702903996956,0.472380020676726,0.454513170285472,0.437125675474738,0.420238509621973,0.403870273519628,0.388037194029029,0.372753144634147,0.35802968748658,0.34387613618788,0.33029963822083,0.317305275629376,0.304896182267996,0.293073675704328,0.281837401670586,0.271185488824158,0.261114711498047,0.251620658097087,0.24269790282391,0.234340178495035,0.226540548326256,0.219291574720801,0.212585483275405,0.206414320420436,0.200770103322198,0.195644960890715,0.191031264947466,0.18692175080839,0.183309626722815,0.180188671774671,0.177553321995591,0.175398744558561,0.173720900015165,0.172516592609607,0.17178350875014,0.171520243745423
64,0.149265032309256,0.149457213748645,0.150090180137746,0.151165375532828,0.152685177394165,0.154652866401252,0.157072585236069,0.159949286311298,0.163288668410424,0.16709710221506,0.171381544725887,0.176149442640575,0.181408624837686,0.187167184231443,0.193433349408838,0.200215346636854,0.207521253030977,0.215358841902536,0.223735421545403,0.232657668974612,0.242131460380692,0.252161700303145,0.262752151742326,0.273905269608362,0.285622040036165,0.297901828165153,0.310742236980942,0.324138979736259,0.338085768305221,0.352574219578448,0.367593781680099,0.383131681390561,0.399172893703376,0.415700133949705,0.432693872409299,0.450132370817199,0.467991739695039,0.486246015009299,0.50486725230859,0.523825636236731,0.543089603171849,0.562625974711062,0.582400099805962,0.602376003548572,0.622516540896132,0.642783553984849,0.663138032090628,0.6835402737188,0.703950050712204,0.724326774626246,0.744629665900958,0.764817926539062,0.784850917056972,0.80468833840187,0.824290419320282,0.843618109328713,0.862633276990156,0.881298912664848,0.899579334309017,0.917440394275615,0.934849684463097,0.951776736599247,0.968193213972311,0.984073090562807,0.999392813312244,1.01413144320829,1.02827077098049,1.04179540348856,1.05469281733989,1.06695337688048,1.0785703144413,1.08953967156408,1.09986020084418,1.10953322898022,1.11856248257501,1.12695387915754,1.13471528675879,1.1418562561488,1.14838773050569,1.15432173782209,1.15967107174998,1.16444896683518,1.16866877419778,1.17234364367913,1.17548621830865,1.17810834665532,1.18022081823443,1.18183312665405,1.18295326462364,1.18358755432505,1.18374051597717,1.18341477672484,1.18261102126112,1.18132798486167,1.17956248878071,1.17730951723844,1.1745623345301,1.17131264011381,1.16755075889867,1.1632658633638,1.15844622360332,1.15307948092144,1.14715294020552,1.14065387599273,1.13356984692714,1.12588901318653,1.11760045144689,1.10869446205223,1.09916286326782,1.08899926781283,1.07819933728823,1.06676101062631,1.05468470327543,1.04197347448128,1.0286331607128,1.01467247398692,1.00010306454784,0.984939548032277,0.969199497881279,0.95290340432332,0.936074601737972,0.918739166604102,0.900925788535162,0.882665617106163,0.863992087286419,0.844940726317487,0.825548944829488,0.805855814886207,0.785901837507165,0.765728702050561,0.745379039671633,0.724896172911556,0.704323863334475,0.683706059023859,0.663086643678038,0.642509189009661,0.622016712150805,0.601651439787918,0.581454580788358,0.561466109121482,0.541724558909016,0.522266833449353,0.503128030037076,0.484341282332984,0.465937621924825,0.447945860551382,0.430392494242897,0.413301630362561,0.39669493822382,0.380591623615894,0.365008427206636,0.349959646420278,0.335457180020638,0.321510594280928,0.308127209300678,0.295312203748713,0.283068736076284,0.271398080061837,0.260299772421553,0.249771770148114,0.239810615222513,0.230411604376199,0.221568961658241,0.213276011677779,0.205525351538479,0.198309019651367,0.19161865979753,0.185445679005504,0.179781398003065,0.174617193193892,0.169944629291356,0.165755581910915,0.16204234957674,0.158797754735583,0.156015233491283,0.153688913876657,0.151813682567176,0.150385240014031,0.14940014403509,0.148855841952726,0.148750691409793,0.149083970031115,0.149855874129437,0.15106750668342,0.152720854841865,0.154818757233702,0.157364861387538,0.160363571587713,0.163819987515555,0.167739834044349,0.172129382574153,0.176995364307552,0.182344875880006,0.188185277768833,0.194524085914335,0.201368856996328,0.208727067821787,0.216605989296719,0.225012555480714,0.233953228258834,0.243433858215317,0.253459542359425,0.264034479437257,0.275161823665108,0.286843537839412,0.299080246913465,0.311871093278539,0.325213595141877,0.339103509550248,0.353534701758196,0.368499022777063,0.383986197056265,0.399983722334429,0.416476783747522,0.433448184287959,0.450878293667908,0.468745017548423,0.487023788951878,0.505687583478744,0.524706959702535,0.544050125822064,0.563683033312358,0.583569497940005,0.603671348101719,0.623948600013099,0.644359658825392,0.664861544289037,0.685410139122027,0.705960457787094,0.726466932943127,0.746883716422602,0.767164991207551,0.787265290541964,0.807139820038324,0.826744778420363,0.846037672401949,0.864977621141963,0.883525645743091,0.901644939383801,0.919301113888676,0.936462418852466,0.953099929833111,0.969187702611563,0.984702891071233,0.99962582686385,1.01394005968655,1.02763235767959,1.0406926681477,1.05311403949196,1.06489250589692,1.07602693693172,1.08651885478193,1.09637222231821,1.10559320561987,1.1141899149018,1.12217212803799,1.12955100103559,1.13633876989302,1.14254844827877,1.14819352540205,1.15328766832007,1.15784443274767,1.16187698621354,1.16539784715001,1.16841864321961,1.17094989187645,1.17300080584065,1.17457912583189,1.17569098256732,1.17634078967986,1.17653116885622,1.17626290812735,1.17553495386877,1.1743444366799,1.17268673091127,1.17055554719505,1.16794305690806,1.16484004706036,1.16123610365984,1.15711982116025,1.15247903516444,1.1473010751363,1.14157303348469,1.13528204703454,1.12841558660549,1.12096175019305,1.11290955510125,1.10424922432217,1.09497246250392,1.08507271700105,1.07454541976044,1.06338820615989,1.05160110737744,1.03918671341613,1.02615030452392,1.01249994941378,0.998246569380243,0.983403968103045,0.967988827601213,0.952020671427599,0.935521796754634,0.918517177478118,0.901034340844733,0.883103220382624,0.864755988080742,0.846026868825322,0.826951940069697,0.807568919600269,0.787916944083949,0.768036340860082,0.747968395193624,0.727755114955717,0.70743899446152,0.687062778988479,0.666669231332798,0.646300901645058,0.625999901720345,0.605807684901785,0.585764832783097,0.565910849955683,0.546283968126721,0.526920961022378,0.507856971570156,0.489125352912181,0.470757524824215,0.452782847092936,0.43522851132898,0.418119452561358,0.401478281769611,0.38532524026648,0.369678176552303,0.354552545931977,0.339961432827646,0.32591559534812,0.312423531303372,0.299491564492683,0.287123949761461,0.275322995025584,0.264089198213283,0.253421396880018,0.243316928116313,0.233771796293996,0.224780846182071,0.216337939006457,0.208436129122818,0.201067839111872,0.19422503128367,0.187899373782505,0.182082399708025,0.176765657901751,0.171940854282806,0.167599982844482,0.163735445637544,0.160340161261338,0.157407661555636,0.154932176331863,0.152908706100307,0.15133308283986,0.150202018919653,0.149513144319289,0.149265032309256
65,0.129395771667058,0.129574320626174,0.13016576994787,0.131171633146753,0.132594385530704,0.134437434398469,0.136705078445856,0.139402456304235,0.142535484113016,0.146110782026576,0.15013558958014,0.15461766989224,0.159565202766545,0.164986666874985,0.170890711357722,0.177286017362763,0.184181150266095,0.191584403557721,0.199503635643149,0.207946101085365,0.216918278088566,0.226425694289861,0.236472753165622,0.247062563560976,0.258196775000377,0.269875421520947,0.282096776777112,0.294857223086214,0.308151136915126,0.321970793046692,0.336306289315973,0.351145493379391,0.366474012489069,0.382275186709408,0.39853010545638,0.415217646688052,0.432314537554935,0.449795434857789,0.467633023283226,0.485798129114628,0.50425984696265,0.52298567703396,0.541941670559219,0.561092581223457,0.580402020767956,0.599832617338996,0.619346175616019,0.63890383822646,0.658466248411183,0.677993714308086,0.697446375539822,0.716784372997443,0.735968022784978,0.75495799521875,0.773715499557286,0.79220247478041,0.810381786256325,0.82821742755827,0.845674726050008,0.862720550188916,0.879323515836762,0.895454188261643,0.911085275998137,0.926191812340465,0.940751320003119,0.954743954414841,0.968152621226321,0.980963063911408,0.993163917818541,1.00474672766772,1.01570592626501,1.02603877309169,1.03574525238475,1.04482793132278,1.05329177992975,1.06114395527257,1.06839355342366,1.07505133345951,1.08112941844588,1.08664097890348,1.09159990464407,1.0960204711102,1.09991700644396,1.10330356545739,1.10619361648824,1.10859974681489,1.11053339188652,1.11200459311739,1.11302178841178,1.11359163894716,1.11371889505973,1.11340630336479,1.11265455651404,1.11146228625582,1.10982609972948,1.10774065820235,1.10519879675349,1.10219168273124,1.09870901017001,1.0947392267534,1.09026978936686,1.08528744380094,1.07977852375908,1.07372926399957,1.06712612221085,1.05995610409166,1.05220708608821,1.04386813033532,1.03492978655782,1.02538437601002,1.01522625295864,1.0044520397381,0.993060832010996,0.981054371534443,0.968437184443148,0.955216683789438,0.941403235806345,0.927010190057603,0.912053874286758,0.89655355535673,0.880531368165653,0.864012214823415,0.847023636670094,0.829595661911779,0.811760631746012,0.793553007857491,0.7750091640989,0.756167165048086,0.737066533970464,0.717748012533109,0.698253314433419,0.678624874936377,0.658905598173657,0.639138603954257,0.619366975774498,0.59963351169532,0.579980479772125,0.560449379768769,0.541080712950901,0.521913761821284,0.50298638171625,0.484334806213715,0.46599346829647,0.447994839158942,0.430369286434287,0.413144953447639,0.396347660871156,0.380000831871237,0.364125441505766,0.348739990760231,0.333860505218841,0.319500557964757,0.305671315906846,0.292381608353151,0.279638016306586,0.267444980657242,0.255804927196588,0.244718406187974,0.234184244097918,0.224199705024218,0.214760659347615,0.205861757178989,0.197496604267773,0.189657938171645,0.182337802654413,0.175527718469395,0.169218848891128,0.163402158570566,0.158068564500947,0.15320907808673,0.148814937501435,0.144877729697951,0.141389501594228,0.13834286009689,0.135731060744802,0.13354808485453,0.13178870513144,0.130448539775648,0.129524095163679,0.129012797226913,0.128913011679283,0.129224053271792,0.129946184272194,0.131080602386649,0.132629418357589,0.134595623489344,0.136983047370798,0.139796306082569,0.143040741194632,0.146722349878706,0.150847706477496,0.155423875889826,0.160458319146673,0.165958791568491,0.171933233909746,0.178389656913631,0.185336019720336,0.192780102598276,0.200729374501941,0.209190856005207,0.218170978217542,0.22767543836467,0.237709052806261,0.248275608371415,0.259377713017358,0.271016646955485,0.283192215538154,0.29590260535439,0.309144245136759,0.322911673227946,0.337197413486435,0.351991861618315,0.36728318399906,0.383057231088496,0.399297467538293,0.415984921039973,0.433098151859893,0.450613244854993,0.468503825559765,0.486741101683188,0.505293931057534,0.524128916743571,0.543210529623941,0.562501258414268,0.581961786596139,0.60155119533394,0.621227190985685,0.640946355363484,0.660664416449905,0.680336536840325,0.699917616767286,0.719362608180226,0.738626836012786,0.757666322480566,0.776438110025079,0.794900578364766,0.813013751040568,0.830739586859049,0.848042251746483,0.864888366735102,0.881247228108266,0.897090996130929,0.912394849278535,0.927137101441418,0.941299280208925,0.954866165012661,0.967825784612843,0.980169374127327,0.991891292509845,1.00298890206394,1.01346241221458,1.02331469033567,1.03255104293598,1.04117897092965,1.04920790305394,1.05664891174428,1.0635144159352,1.06981787532924,1.07557348066977,1.08079584447639,1.08549969656126,1.08969958845155,1.09340961060716,1.09664312605211,1.09941252374214,1.10172899467681,1.10360233343642,1.10504076748837,1.10605081626469,1.10663718166448,1.10680267128126,1.10654815529411,1.10587255759187,1.10477288131775,1.10324426862808,1.10128009404933,1.09887209039479,1.09601050576596,1.09268428971813,1.08888130622005,1.08458857059216,1.07979250717547,1.07447922407731,1.0686348009721,1.06224558562116,1.05529849452859,1.04778131298426,1.03968298967365,1.0309939210651,1.02170622092691,1.01181397058053,1.00131344586034,0.99020331721799,0.978484819967952,0.9661618923043,0.953241279405873,0.939732602664529,0.925648393793186,0.911004094270965,0.895818021236575,0.880111301525484,0.863907776042276,0.84723387705283,0.830118481262962,0.812592741718696,0.794689901622109,0.776445093115304,0.757895123958171,0.739078254831478,0.720033969756764,0.700802741860392,0.681425796442694,0.66194487306404,0.642401988144574,0.622839199405619,0.603298373365993,0.583820957048289,0.56444775504605,0.545218713145594,0.52617270977518,0.507347356655392,0.488778810132306,0.470501594773222,0.45254844087754,0.434950137588975,0.417735403278197,0.400930774789092,0.384560517002832,0.368646553971516,0.353208422610829,0.338263249626362,0.323825751991109,0.309908260905311,0.296520768768433,0.283670998292171,0.271364492497909,0.259604723986408,0.248393221554119,0.237729711969907,0.227612274525597,0.21803750583854,0.209000692315946,0.200495987687881,0.192516593074854,0.185054937170541,0.178102854282558,0.171651758175064,0.165692809886263,0.160217077941284,0.1552156896365,0.150679972325494,0.146601583881357,0.142972631737409,0.139785780113104,0.137034345209375,0.134712378305268,0.132814736803857,0.131337143360342,0.130276233279803,0.129629590398815,0.129395771667058
66,0.111709334323741,0.111874602459436,0.112426034552451,0.113365205387375,0.114694675742819,0.116417963129275,0.118539502006569,0.121064593348257,0.123999343385963,0.12735059135543,0.131125826082775,0.13533309129844,0.139980879650826,0.145078015513868,0.150633526843476,0.156656506536086,0.163155963975614,0.170140667718202,0.177618980550095,0.185598688453745,0.194086825319346,0.203089495530404,0.212611696818069,0.222657146004471,0.233228110424804,0.244325247916922,0.255947458283019,0.268091749050916,0.280753118186521,0.293924456133195,0.30759646918209,0.321757625720181,0.33639412637512,0.351489898499403,0.367026614835735,0.382983735609558,0.399338572733354,0.416066374310182,0.433140427218078,0.450532175265403,0.468211350246416,0.486146113205382,0.504303203336628,0.522648092198341,0.541145141281969,0.559757761431137,0.578448573111924,0.597179567063505,0.615912265365831,0.63460788341085,0.653227493620683,0.671732191990451,0.690083268623206,0.708242383356855,0.726171747355758,0.74383431116064,0.761193959178175,0.778215709973096,0.794865921035928,0.811112495978503,0.8269250914003,0.842275320014687,0.857136946066281,0.871486068645317,0.885301288241507,0.898563851799619,0.911257771653411,0.923369914025405,0.934890053278745,0.945810888776767,0.95612802202026,0.965839892659677,0.974947672983349,0.983455121523986,0.991368397464873,0.99869583852673,1.00544770594124,1.01163590093864,1.01727365787024,1.02237521963577,1.02695550147857,1.03102974944621,1.03461319989132,1.03772074631531,1.04036661964747,1.04256408771886,1.044325179251,1.04566043715073,1.0465787053031,1.04708695239959,1.04719013564494,1.04689110646556,1.04619055960794,1.04508702627634,1.0435769112238,1.0416545729873,1.03931244575352,1.036541200663,1.03332994371596,1.02966644684008,1.02553740812863,1.02092873676702,1.01582585774676,1.01021403113025,1.004078680387,0.997405724182957,0.990181905975914,0.982395115858135,0.974034699293757,0.965091747721429,0.955559366426383,0.945432915619964,0.934710221283941,0.923391753023192,0.911480766901504,0.898983411987607,0.885908800086563,0.872269038850695,0.858079229130575,0.843357428019861,0.828124579551077,0.812404415401232,0.796223328260139,0.77961022070007,0.762596332468512,0.745215049116612,0.727501694789822,0.709493311862427,0.691228429914659,0.672746826350617,0.65408928075747,0.635297324928732,0.61641299033098,0.597478554693869,0.578536289352217,0.559628208965867,0.540795825282429,0.522079906680127,0.503520245319496,0.485155433828148,0.467022653525688,0.449157476249961,0.431593681856663,0.414363093420132,0.397495432055665,0.381018193109179,0.364956545218654,0.349333253448761,0.334168627343863,0.319480494347559,0.305284198613464,0.291592624798149,0.278416245999401,0.26576319459708,0.253639354384288,0.242048472055393,0.230992285854122,0.220470668985804,0.210481785265959,0.201022254412886,0.192087324391836,0.183671048277409,0.175766463211888,0.168365769191518,0.16146050560085,0.15504172362739,0.149100152915321,0.143626361049012,0.138610904686395,0.134044471382195,0.129918011346005,0.126222858566152,0.122950840894642,0.120094378829707,0.117646572850583,0.115601279254961,0.113953174524753,0.112697808302854,0.111831645105168,0.111352094921289,0.111257532877008,0.11154730814498,0.112221742299155,0.113282117316058,0.114730653433476,0.116570477085718,0.118805579145187,0.121440763712699,0.124481587713857,0.127934291575387,0.131805721273387,0.13610324206448,0.140834644230756,0.146008041190399,0.151631760348521,0.157714227088171,0.164263842331317,0.171288854135753,0.178797223838772,0.186796487314235,0.195293611978662,0.204294850265854,0.213805590389235,0.223830205326704,0.234371901092961,0.245432565506579,0.25701261880962,0.269110867651112,0.28172436409603,0.294848271461429,0.308475738903647,0.322597786777404,0.337203204852346,0.352278465498639,0.367807653935846,0.383772417574859,0.400151936369126,0.416922915928632,0.434059604939214,0.451533838173326,0.469315106080165,0.487370651607489,0.505665594539621,0.52416308324144,0.542824473282174,0.561609531981304,0.580476667477751,0.599383180478927,0.618285536405101,0.637139655213846,0.655901215777707,0.674525971304413,0.692970071943025,0.711190390421932,0.729144846326644,0.746792724457469,0.764094982619968,0.781014544202908,0.797516570996485,0.813568711901436,0.82914132347883,0.844207658687454,0.858744020644814,0.872729878818506,0.886147945693381,0.898984212650364,0.911227944515959,0.922871632977721,0.933910909789604,0.944344421392491,0.954173667230835,0.963402804640123,0.972038423698601,0.980089295870459,0.987566100610254,0.994481134347054,1.00084800642248,1.00668132662331,1.01199638893324,1.0168088560381,1.02113444896437,1.02498864602274,1.028386394977,1.03134184207482,1.03386808126855,1.03597692663044,1.0376787106326,1.03898211062175,1.03989400547637,1.04041936408745,1.04056116695582,1.04032036184449,1.03969585406312,1.03868453158879,1.03728132484179,1.03547930053309,1.03326978858258,1.03064254067351,1.02758591856219,1.02408710980818,1.02013236813637,1.01570727519805,1.01079702007641,1.00538669249607,0.999461585361154,0.993007501978559,0.986011063136275,0.978460009115402,0.970343491729281,0.961652351612165,0.952379376226062,0.942519534416744,0.932070183821394,0.921031247999196,0.909405360805146,0.89719797623507,0.884417442711429,0.871075041527911,0.857184989898341,0.842764409735281,0.827833263891364,0.812414262111676,0.796532739352832,0.780216509414838,0.763495697002491,0.746402551388189,0.728971244797551,0.711237658499009,0.693239159368169,0.675014369439997,0.656602930680326,0.638045266926157,0.619382344682853,0.600655434243171,0.581905872421659,0.563174828085853,0.544503071615746,0.525930749431941,0.507497164792846,0.489240566160096,0.47119794455368,0.453404841447007,0.435895168869229,0.418701043470798,0.401852636352801,0.38537804044904,0.369303157173089,0.353651603896335,0.338444643607055,0.323701137819105,0.309437523460055,0.295667814084161,0.282403625339745,0.269654224189382,0.257426600951616,0.245725562821314,0.234553847147872,0.223912252419882,0.21379978463264,0.204213816509165,0.195150256910949,0.186603727713015,0.178567745427178,0.171034904933229,0.16399706281279,0.157445517965952,0.151371187415976,0.145764775461254,0.140616934604945,0.135918416970335,0.131660215183708,0.127833691967361,0.124430697925707,0.121443677221078,0.118865761018484,0.116690848727409,0.114913677182585,0.113529877984722,0.112536023268095,0.111929660177265,0.111709334323741
67,0.0960147550106312,0.0961671766975919,0.096680197844568,0.0975554460689764,0.098795555139883,0.100404136403198,0.102385739983446,0.104745805570703,0.107490602554375,0.110627159243933,0.114163180925914,0.118106956551114,0.122467253929544,0.127253203435938,0.1324741703963,0.13813961653534,0.144258951112868,0.150841372659143,0.157895702527397,0.165430211806318,0.17345244346402,0.181969031913688,0.190985522483865,0.200506193526449,0.210533884086075,0.221069830169653,0.23211351268046,0.24366252000637,0.255712428069957,0.268256700357684,0.281286610050607,0.294791185890557,0.308757182850489,0.323169078058343,0.338009091777814,0.353257232607933,0.368891365459051,0.384887300327934,0.401218899459062,0.417858200167743,0.434775550431653,0.45193975434056,0.469318224629886,0.486877139802671,0.504581603747309,0.522395806257293,0.540283183418974,0.558206577414324,0.576128395845716,0.594010771187166,0.611815721363295,0.62950531272128,0.647041826768541,0.664387931986127,0.68150686179218,0.698362599330075,0.714920069211779,0.731145335687984,0.74700580598014,0.762470436738805,0.777509940833887,0.792096990981601,0.806206416114372,0.819815385941838,0.832903578865164,0.845453328315013,0.857449742697948,0.86888079445801,0.879737374280289,0.890013307162636,0.899705327932404,0.908813014753075,0.917338680211678,0.925287220660586,0.932665925564815,0.939484249638636,0.945753551506968,0.951486803467207,0.956698277631393,0.961403214279898,0.965617478646318,0.969357212575854,0.97263848756016,0.975476965558851,0.977887573785528,0.979884199280133,0.981479408628278,0.982684197640429,0.983507775188037,0.983957384726899,0.984038166335682,0.983753061372888,0.983102761119682,0.982085700038281,0.98069809354355,0.978934019465791,0.976785541681485,0.974242873712314,0.971294579447864,0.967927807541841,0.964128555474461,0.959881958774961,0.955172600469077,0.949984835468492,0.944303124364221,0.938112370934292,0.931398257636951,0.924147573440344,0.916348528541166,0.907991050847157,0.899067059535875,0.889570711544608,0.879498617478562,0.868850024127358,0.857626961530517,0.845834353305901,0.833480089724186,0.820575063751277,0.807133170963804,0.793171274849169,0.778709139512729,0.763769332218838,0.748377098482745,0.732560212606868,0.716348806623753,0.699775180580646,0.682873596993787,0.665680062134067,0.648232096602003,0.630568497431394,0.612729093749399,0.594754497834743,0.576685853270494,0.55856458179343,0.540432130402882,0.522329720307266,0.504298099349522,0.486377299652326,0.468606402345041,0.451023311359559,0.433664538392848,0.416565001212227,0.399757837508799,0.383274236472122,0.36714329015605,0.351391866527333,0.336044505835866,0.321123341623719,0.306648047309405,0.292635808857657,0.279101323589669,0.266056824722042,0.253512130762919,0.241474718458396,0.229949817587227,0.218940525560362,0.208447939504184,0.198471303299183,0.189008166912417,0.18005455530211,0.171605144182705,0.163653440012459,0.156191961694973,0.149212421661122,0.142705904208035,0.136663039206237,0.131074169534096,0.125929510850628,0.121219302564558,0.11693394909215,0.113064150712705,0.109601023524596,0.106536208173567,0.103861967167443,0.10157127070764,0.0996578710588881,0.0981163655466855,0.0969422483199314,0.096131951047057,0.0956828727314375,0.0955933988392368,0.0958629099335327,0.0964917800055512,0.0974813646897067,0.0988339795459699,0.100552868592382,0.102642163273313,0.10510683205581,0.107952620857172,0.111185984521579,0.114814009581705,0.118844328562608,0.12328502610935,0.128144537247039,0.133431538112648,0.139154829532907,0.145323213863177,0.151945365550096,0.159029695937869,0.166584212906249,0.174616376009294,0.183132947879084,0.192139842768257,0.201641973229053,0.211643096062788,0.222145658819525,0.233150648278869,0.244657442493979,0.256663668125726,0.269165064925462,0.282155359335836,0.295626149262536,0.309566802119172,0.323964368257365,0.338803511860248,0.354066461297444,0.369732980812009,0.385780365235473,0.402183459207823,0.418914702118188,0.435944199683095,0.453239822746926,0.470767333528498,0.488490539153274,0.506371471907444,0.524370595232723,0.542447034053982,0.560558827600881,0.578663202455115,0.596716863133042,0.614676297106957,0.632498090785573,0.650139252625294,0.667557539239365,0.684711780123639,0.701562196436898,0.71807070917204,0.734201232041582,0.749919944485166,0.76519554039315,0.779999448430981,0.794306020241963,0.808092683295191,0.821340055721155,0.834032021125595,0.84615576207623,0.857701751697031,0.868663703560153,0.879038480814602,0.888825966212431,0.898028895367873,0.906652656195267,0.914705058003804,0.922196074170246,0.929137562658519,0.935542968904295,0.941427015734683,0.946805385051943,0.951694395983088,0.95611068409358,0.960070886093767,0.963591334243019,0.966687764389956,0.969375041289111,0.971666904514371,0.973575737956225,0.975112365549536,0.976285875535839,0.977103475221572,0.977570377851685,0.977689722875723,0.977462530538234,0.976887691373921,0.975961990826497,0.974680168835101,0.973035013840402,0.971017490252395,0.968616897993458,0.965821062285573,0.962616551394528,0.958988919583592,0.954922972074711,0.950403048379076,0.945413319955431,0.939938097799744,0.933962145280202,0.92747099132335,0.920451238945315,0.912890864118857,0.904779500081426,0.896108702425978,0.886872190674267,0.87706606250558,0.866688977390355,0.855742307040474,0.844230250814067,0.832159914976487,0.819541355492171,0.806387584775288,0.792714543531788,0.778541039455708,0.763888655076611,0.748781627476375,0.73324670289215,0.717312969395346,0.701011670888004,0.684376005598687,0.667440912106797,0.650242845697872,0.632819547577463,0.615209809172532,0.597453233452215,0.579589994926421,0.561660599750248,0.543705647188478,0.525765593585689,0.50788051994643,0.490089904252628,0.472432399723252,0.454945620340705,0.437665935112764,0.420628272689208,0.403865938089237,0.387410443400649,0.371291354367923,0.35553615478053,0.340170130495477,0.325216274774614,0.310695216387631,0.296625171630754,0.283021921048117,0.269898811230537,0.257266781620769,0.245134415792836,0.233508016214271,0.222391701062115,0.211787521263288,0.201695595582105,0.19211426129418,0.183040237775173,0.174468800199686,0.166393960491269,0.158808652686631,0.151704919970334,0.145074100792257,0.138907011688917,0.133194124679594,0.127925737386976,0.123092134327122,0.118683738113218,0.114691249610676,0.11110577635809,0.107918948821321,0.105123024270186,0.102710978254486,0.100676583805666,0.0990144786013102,0.0977202204024927,0.0967903311106522,0.0962223297943079,0.0960147550106312
68,0.0821330550985622,0.0822731368492689,0.082749441065277,0.0835636396469011,0.0847184269299271,0.0862174919314415,0.0880654806905171,0.0902679484519351,0.0928313013814551,0.0957627274691323,0.099070116278643,0.102761967240595,0.106847286270414,0.111335470619397,0.11623618204204,0.121559208583206,0.127314315551956,0.133511086549889,0.140158755752448,0.147266032991477,0.154840923543147,0.162890544871911,0.171420942901269,0.180436910657602,0.189941812345759,0.199937416047077,0.210423738266504,0.221398903483523,0.232859021674055,0.244798086465482,0.257207896168744,0.270077999411567,0.283395666493103,0.29714588691739,0.311311392870581,0.325872707718682,0.340808217953942,0.356094266444322,0.371705264373846,0.387613818929437,0.403790873611848,0.420205858035259,0.436826844232584,0.453620706791132,0.470553284585303,0.48758954241915,0.504693731504176,0.521829548333397,0.538960292126079,0.556049021563683,0.573058711975312,0.589952414425744,0.606693418285436,0.62324541880493,0.639572690973205,0.655640270520073,0.671414142348022,0.686861435980517,0.70195062683185,0.716651741284294,0.730936562750719,0.744778835154518,0.758154459620047,0.771041679676886,0.783421249973127,0.795276583389772,0.80659387156271,0.817362174151373,0.82757347273392,0.837222685936752,0.846307643291883,0.85482901632229,0.862790206441397,0.870197190374374,0.877058324921889,0.883384113949732,0.8891869414628,0.894480775477628,0.899280848119526,0.903603317921194,0.907464920680506,0.910882615444056,0.913873232225083,0.91645312795019,0.918637856873853,0.920441861321113,0.921878188136715,0.922958235653364,0.923691535361932,0.92408557178997,0.924145643387361,0.923874766492308,0.923273623717504,0.922340557363984,0.92107160774496,0.919460595589742,0.917499247003456,0.915177358786949,0.912483001279068,0.909402755277596,0.905921979034256,0.902025100813633,0.897695932067056,0.892917995912773,0.887674865345655,0.88195050543493,0.875729613717135,0.868997953061351,0.861742671478566,0.853952603666659,0.845618549521923,0.836733525396771,0.827292984526496,0.817295003765442,0.806740434541154,0.795633016727579,0.783979454926987,0.771789457407391,0.75907573864123,0.745853987009098,0.732142799750412,0.717963587648309,0.703340452221965,0.688300038365997,0.67287136543055,0.657085639689542,0.640976051016677,0.624577556400513,0.607926652705425,0.591061140848751,0.574019883339231,0.556842556928045,0.539569401977363,0.522240970062905,0.504897871301081,0.487580522926159,0.470328900731047,0.453182295113881,0.436179073624782,0.419356452063498,0.402750276318451,0.38639481724109,0.370322580898377,0.354564136526381,0.339147964409387,0.324100325726915,0.309445156146644,0.295203984600385,0.281395878274309,0.268037414388561,0.255142678853288,0.24272329138767,0.230788456195967,0.219345036829117,0.208397653439408,0.19794880027376,0.187998980959146,0.178546858918811,0.169589420123462,0.161122145326696,0.153139188954638,0.145633561908876,0.138597315690089,0.132021725446167,0.125897469781496,0.120214805421211,0.114963735094135,0.110134167269993,0.105716066650931,0.101699594566453,0.0980752386484493,0.094833931364624,0.0919671571615751,0.0894670481120286,0.0873264680744839,0.0855390854594341,0.0840994347567793,0.0830029670173519,0.0822460895012555,0.0818261947109075,0.0817416790212362,0.0819919511071225,0.082577430352372,0.0834995354081751,0.0847606630546386,0.0863641575083669,0.0883142703135373,0.0906161109541755,0.0932755883316987,0.0962993432641767,0.0996946721819379,0.103469442217735,0.107631997918528,0.112191059839912,0.117155615323705,0.122534801804744,0.128337783045652,0.134573618759407,0.141251128150483,0.148378747987593,0.155964385915768,0.164015269823382,0.172537794200631,0.181537364558985,0.191018241123891,0.200983383162327,0.211434295458033,0.222370878594839,0.233791284846093,0.245691781588978,0.258066624259565,0.270907940931311,0.284205630630652,0.297947277493781,0.312118082815516,0.326700816942706,0.341675792821035,0.357020862816669,0.372711440205915,0.388720546460358,0.405018885156292,0.421574943010026,0.438355118189291,0.455323875679739,0.472443929098241,0.489676447944942,0.506981288877401,0.524317249176397,0.541642340158481,0.55891407788045,0.57608978808222,0.593126921935228,0.609983378813105,0.626617831990991,0.642990052921584,0.659061229542389,0.674794273951953,0.690154114764437,0.705107969521035,0.719625592709896,0.733679495226698,0.747245131494513,0.760301050948978,0.772829011173328,0.784814050623477,0.796244519599054,0.807112068871485,0.81741159615324,0.827141151360273,0.836301802360349,0.844897463592423,0.852934690568357,0.860422443812745,0.867371826248427,0.873795798387127,0.879708875933718,0.885126814560068,0.890066286654765,0.894544554816354,0.898579146739937,0.902187535961854,0.905386832687427,0.908193488644561,0.910623019593852,0.91268974879388,0.914406574378021,0.915784763253065,0.916833773785152,0.91756110919742,0.917972203266801,0.918070339573086,0.917856605218681,0.917329879598331,0.916486858449869,0.915322113055082,0.913828184080339,0.911995709146745,0.909813582798722,0.907269147099273,0.904348410624119,0.90103629316221,0.897316892966935,0.893173772953182,0.88859026181538,0.883549765667276,0.878036085493293,0.872033735471022,0.865528257091112,0.858506523978206,0.850957032414794,0.842870172794629,0.834238477583777,0.825056841839835,0.815322712921548,0.805036246694333,0.794200428279284,0.782821156177078,0.770907289394127,0.75847065797546,0.745526038077145,0.732091093362884,0.71818628506157,0.703834753457412,0.689062173890995,0.673896590524946,0.658368231176106,0.642509306448363,0.626353796234514,0.609937226413714,0.593296438279273,0.576469352916457,0.559494732438153,0.542411939701503,0.525260697891273,0.508080851180179,0.490912127571699,0.473793904999152,0.456764981791993,0.439863352716636,0.423125991939878,0.406588644429995,0.390285627483204,0.374249644220571,0.358511611022155,0.34310050093342,0.328043205079323,0.313364414043847,0.299086521012238,0.285229548230004,0.271811098012327,0.258846329150142,0.246347959118855,0.234326292020035,0.222789271694405,0.211742558956505,0.201189631436918,0.1911319040954,0.181568868103317,0.17249824549911,0.163916156804961,0.155817298661316,0.148195128489274,0.141042053226159,0.134349619290489,0.128108701109855,0.122309685777648,0.116942651679217,0.111997539231622,0.107464312200016,0.103333108375054,0.0995943787078916,0.0962390142919145,0.0932584608450853,0.090644820577035,0.0883909415163683,0.0864904945234422,0.0849380383214205,0.0837290729445318,0.082860082029563,0.0823285643682052,0.0821330550985622
69,0.0698969944225377,0.0700253037282993,0.0704666542023793,0.0712227534981568,0.0722963443031779,0.073691177522571,0.075411975892019,0.0774643877071449,0.0798549302837596,0.0825909227208622,0.0856804075319159,0.0891320607451821,0.0929550901552742,0.0971591215386561,0.10175407282702,0.106750016463711,0.112157030446703,0.117985038881551,0.124243643220879,0.130941945742132,0.138088367198507,0.145690460952763,0.153754726251502,0.162286423598858,0.171289395423411,0.180765895381478,0.190716429686897,0.201139613788695,0.212032047525126,0.223388211563193,0.235200387491158,0.247458603379911,0.260150605986497,0.273261860065957,0.28677557451806,0.30067275435963,0.31493227681951,0.329530989239671,0.344443825967629,0.359643941071642,0.375102853522646,0.390790601477262,0.406675902465073,0.422726316619612,0.438908410573885,0.45518792023505,0.471529911318464,0.487898937212241,0.504259194410769,0.520574676351064,0.536809326965354,0.552927195589638,0.568892595014014,0.584670264410463,0.600225538624749,0.61552452488123,0.630534287345408,0.645223039252765,0.659560341486521,0.673517305620489,0.687066798588497,0.700183645351217,0.712844825253869,0.725029657247501,0.736719968816964,0.747900243344635,0.758557740753113,0.768682586613021,0.77826782546224,0.787309434838251,0.795806297443886,0.803760129909748,0.811175367739942,0.81805900718507,0.824420405931629,0.830271045586534,0.835624259930451,0.840494933781672,0.84489917802845,0.848853986935243,0.852376884198986,0.85548556442449,0.858197536710132,0.860529776898241,0.862498394765956,0.86411832203142,0.865403026548206,0.866364257478974,0.86701182559777,0.867353422186919,0.867394479284915,0.867138073318532,0.866584873425336,0.865733135049451,0.864578738679062,0.863115272892968,0.861334160199446,0.859224823487649,0.85677489027508,0.853970431330563,0.850796229689629,0.847236075567794,0.84327308222959,0.838890017499655,0.834069645320776,0.828795071584999,0.823050088399315,0.81681951100574,0.810089501761911,0.802847875903202,0.79508438424634,0.786790968547616,0.777961985880483,0.768594399127504,0.758687931465276,0.748245183530776,0.737271712763992,0.725776075195466,0.713769830660732,0.701267513052113,0.688286567742353,0.67484725872032,0.66097254825976,0.646687952097893,0.632021373139229,0.617002916634826,0.601664689638019,0.586040587327517,0.570166068543574,0.554077922628736,0.537814029426303,0.521413114088619,0.504914498200539,0.488357848641832,0.471782925600549,0.455229331204963,0.438736260356097,0.422342255501695,0.406084967276984,0.390000923126297,0.374125306189709,0.358491746868391,0.343132129551649,0.328076416981897,0.31335249464015,0.298986037349215,0.285000400015472,0.271416534070003,0.258252930738228,0.24552559178066,0.233248027825997,0.221431283883018,0.210083991091893,0.199212443279537,0.188820696436481,0.178910688850135,0.169482379323058,0.160533900682501,0.152061725652196,0.144060842108063,0.136524934771394,0.129446570498036,0.122817384489843,0.116628264972835,0.110869534142247,0.105531123454721,0.100602741639611,0.096074034093247,0.0919347326017195,0.0881747946011039,0.0847845314224078,0.0817547251773962,0.0790767341181505,0.0767425864467682,0.0747450626626065,0.0730777666147902,0.071735185480204,0.0707127389155425,0.0700068176403235,0.0696148117004214,0.0695351286430597,0.069767201808463,0.070311488914364,0.0711694610806378,0.0723435824152752,0.0738372802619317,0.075654906194932,0.0778016878409239,0.0802836716078758,0.0831076564118864,0.0862811185102978,0.0898121275754762,0.0937092541772924,0.0979814688835364,0.102638033236526,0.107688382921283,0.113142003506677,0.119008299216645,0.125296455274998,0.132015294465288,0.139173128657236,0.146777606173366,0.154835556002881,0.163352830012913,0.172334144457018,0.181782922233565,0.191701137497263,0.202089164369914,0.212945631624996,0.224267285328388,0.236048861497961,0.248282970892025,0.260959998046032,0.274068016644837,0.287592723242393,0.301517391221575,0.315822846725144,0.330487468087222,0.345487210056714,0.360795653834105,0.376384083645658,0.392221590258461,0.408275201500279,0.42451003949293,0.440889503939914,0.457375480430454,0.473928572335157,0.490508354475477,0.507073646353063,0.523582802330037,0.539994015763018,0.55626563371977,0.572356478557175,0.588226172323993,0.603835459684361,0.619146524851291,0.634123297887544,0.648731745686199,0.662940142996165,0.676719319016328,0.690042875350546,0.702887371493972,0.715232474504723,0.727061070094285,0.738359333031174,0.749116755477874,0.759326132649518,0.768983505971752,0.778088064700432,0.786642007724042,0.794650367978808,0.802120802546988,0.809063352064798,0.815490173525731,0.821415250920356,0.826854088401647,0.831823390807084,0.836340736410072,0.840424246722179,0.844092258035306,0.847362999191774,0.850254279814029,0.852783192927831,0.854965835586255,0.856817050758161,0.858350193393595,0.859576923227378,0.860507026535976,0.861148268724092,0.861506279286663,0.861584470367094,0.861383989810031,0.860903709282035,0.860140247700509,0.859088029864677,0.8577393798175,0.856084648080173,0.854112371489975,0.851809463937945,0.849161435849033,0.846152639780435,0.842766539043635,0.838985995795152,0.834793574605371,0.830171857121772,0.825103763110726,0.819572872909491,0.813563746164647,0.807062231689924,0.800055763356911,0.792533637143121,0.784487264804557,0.775910400109204,0.76679933415226,0.757153056955542,0.746973383309148,0.736265041614994,0.725035725308544,0.713296107234281,0.701059818100976,0.688343390814978,0.67516617305918,0.661550210933154,0.647520106784532,0.633102854539398,0.618327655884498,0.603225720578346,0.587830053990291,0.572175234710023,0.556297184761908,0.540232934627589,0.524020384954379,0.507698066531458,0.491304899872104,0.474879955563481,0.458462216445176,0.442090342655852,0.425802440639415,0.409635837317486,0.393626860797526,0.37781062917613,0.362220849192541,0.346889626665699,0.331847290787304,0.317122234424201,0.30274077259043,0.288727021171769,0.275102797818403,0.261887546664868,0.249098288196739,0.236749595171878,0.224853595035948,0.21341999876621,0.202456155555281,0.191967132229306,0.181955815804216,0.172423037138921,0.163367713262396,0.154787005645986,0.146676491472145,0.1390303448211,0.131841524658224,0.125101966553477,0.118802775193037,0.112934414941786,0.107486895971312,0.102449953767346,0.0978132201586782,0.0935663843518305,0.0896993427984771,0.0862023370532314,0.0830660790871932,0.0802818637987601,0.0778416687009938,0.0757382409597512,0.0739651721063913,0.0725169608526748,0.071389064494639,0.0705779394095758,0.0700810711296779,0.0698969944225377
70,0.0591507618589205,0.0592679157568717,0.0596761267524943,0.0603771298688849,0.0613737042802415,0.0626696475313117,0.0642697405325075,0.0661797029561112,0.0684061385739553,0.0709564700239209,0.0738388624783495,0.0770621357178674,0.0806356641940853,0.0845692647975582,0.0888730722349825,0.0935574021614145,0.0986326025063704,0.104108893771312,0.109996199451462,0.116303968135313,0.123040989245732,0.13021520478962,0.137833519858938,0.145901614953378,0.154423763452561,0.163402657732718,0.17283924748107,0.182732593695996,0.193079741663129,0.203875615863916,0.21511293930838,0.226782179200382,0.238871520162128,0.251366865493143,0.264251866151745,0.27750797636317,0.291114534019238,0.305048863380636,0.319286397062306,0.333800813906772,0.348564189152846,0.363547153300547,0.378719056258066,0.394048133721334,0.409501673257278,0.425046178203264,0.440647528213863,0.456271136032322,0.471882100785475,0.487445358745912,0.502925833026734,0.518288584032824,0.533498962659017,0.54852276818331,0.563326412549261,0.577877092276859,0.592142968609599,0.606093355733064,0.619698916032382,0.632931860444301,0.645766151059697,0.658177702299137,0.670144576269614,0.68164716736008,0.692668370783165,0.703193729645821,0.713211555245431,0.72271301564034,0.731692188122275,0.740146071998976,0.748074559044739,0.755480360053211,0.762368887084404,0.768748092187735,0.774628264556872,0.780021789184881,0.784942871099605,0.789407230136175,0.793431771920862,0.797034241282073,0.800232864662257,0.80304598827989,0.805491718791401,0.80758757304295,0.809350143200117,0.810794783120897,0.811935321316807,0.812783805250537,0.813350281067489,0.813642612170903,0.81366633934189,0.813424584388243,0.812917998588964,0.812144756490658,0.811100594912118,0.809778896326906,0.808170815123253,0.806265444588996,0.804050021840626,0.801510167315733,0.798630154885365,0.795393208127205,0.791781817844399,0.787778075532056,0.783364017198232,0.778521971752783,0.773234908098427,0.767486775103684,0.76126282881336,0.754549941560397,0.747336888079419,0.739614604277389,0.731376414974985,0.722618227672691,0.713338690192795,0.70353931087352,0.693224540813881,0.682401818456657,0.671081577522978,0.659277219949798,0.647005056010169,0.634284214201584,0.621136523762378,0.607586372820918,0.593660545205089,0.579388038855253,0.564799868613308,0.54992885592855,0.534809407755489,0.519477286647101,0.503969373796042,0.488323426568613,0.47257783192974,0.456771357083348,0.440942898655643,0.425131231826085,0.409374760952413,0.393711273426136,0.378177698712715,0.36280987475272,0.347642324101502,0.332708042341539,0.318038301391941,0.303662470346566,0.289607856384046,0.275899568104333,0.262560403358529,0.249610763259269,0.237068593601564,0.224949354406862,0.213266017748119,0.202029093444412,0.191246681654268,0.180924550870284,0.171066239344242,0.161673177568762,0.152744829121158,0.144278846945528,0.136271242013317,0.128716561259145,0.121608071732061,0.114937948023492,0.108697460220476,0.102877159872808,0.0974670617413968,0.0924568193979405,0.087835893059441,0.0835937083525474,0.0797198050014388,0.0762039747101149,0.0730363877586913,0.070207708049009,0.0677091965148739,0.0655328029557609,0.0636712464607255,0.0621180846637442,0.060867772116032,0.0599157080791424,0.0592582740393854,0.0588928612240815,0.0588178883682306,0.0590328099408719,0.0595381149979853,0.0603353167869635,0.0614269331896213,0.0628164580589312,0.0645083234810917,0.066507852980448,0.0688212056810047,0.0714553114451182,0.0744177970275477,0.0777169033111864,0.08136139372937,0.0853604540285011,0.0897235835838789,0.0944604785512394,0.0995809072169719,0.105094578001678,0.111011000675122,0.117339341455877,0.124088272795905,0.131265818788141,0.138879197282339,0.146934659948368,0.155437331683437,0.164391050915727,0.173798212506332,0.183659615088129,0.193974314797868,0.204739487450064,0.215950301262241,0.227599802265786,0.239678814521371,0.252175857200219,0.265077080492045,0.278366222158149,0.292024586366568,0.306031046229155,0.32036207121249,0.334991780320605,0.349892021652436,0.365032478624981,0.38038080282783,0.39590277313854,0.411562480382857,0.427322536469847,0.443144306570259,0.458988162537439,0.474813755395641,0.490580304343183,0.506246899342586,0.521772814003257,0.537117825113805,0.552242534862017,0.567108691504186,0.581679504025975,0.595919946189382,0.609797045298018,0.623280151048558,0.636341179978497,0.648954831275339,0.661098770080582,0.672753774899602,0.683903846306766,0.694536274799761,0.704641666390292,0.714213925298284,0.723250193919635,0.731750751038542,0.739718870029616,0.747160639519327,0.754084749629998,0.760502247495845,0.766426266206489,0.77187173169114,0.776855052302879,0.781393795998634,0.785506360042064,0.789211638092712,0.792528689397306,0.795476414581521,0.798073242267648,0.800336830429754,0.802283786057222,0.803929406342189,0.805287444246772,0.806369900950126,0.807186847328462,0.807746276285994,0.80805398743123,0.80811350527903,0.807926031850021,0.807490434229917,0.806803267335373,0.80585883180399,0.804649266577761,0.803164675377042,0.801393285863412,0.799321639864245,0.796934812582375,0.794216658247134,0.791150079187826,0.787717314840241,0.783900246747122,0.779680715202427,0.775040842836446,0.769963360164032,0.764431927940159,0.758431451102246,0.75194837914005,0.744970987929381,0.737489638397721,0.729497007853507,0.72098829039538,0.711961363505116,0.702416918694489,0.692358554893175,0.681792834099835,0.670729299638035,0.659180458129383,0.647161726987541,0.634691349822473,0.621790282604391,0.608482053759004,0.594792601545663,0.580750092112144,0.566384721536366,0.55172850497585,0.53681505577482,0.521679357055302,0.506357527972383,0.490886586474447,0.475304210103539,0.459648496121289,0.443957722068465,0.428270107770623,0.412623579790788,0.397055539397397,0.381602635250397,0.366300542193201,0.351183747751875,0.336285348161827,0.321636855941885,0.30726802119283,0.293206668891338,0.279478554464629,0.266107239854271,0.253113992104251,0.240517706239217,0.228334853840294,0.216579458290459,0.205263097165841,0.194394931714012,0.183981762807854,0.174028112217471,0.164536327525668,0.155506708545663,0.146937652701062,0.138825816511598,0.131166290103604,0.123952781536312,0.117177807704222,0.110832888637587,0.104908742169437,0.09939547615715,0.0942827757257008,0.0895600833232108,0.0852167697314934,0.0812422945393625,0.0776263549498691,0.0743590221411206,0.0714308647226356,0.0688330591161274,0.0665574869343721,0.0645968196298768,0.0629445908341149,0.061595256907904,0.060544246275568,0.0597879981230652,0.0593239910075976,0.0591507618589205
71,0.0497496152973962,0.0498562689458563,0.0502331884341811,0.0508821280352929,0.0518058920217378,0.0530083099994092,0.0544942033694027,0.0562693424826958,0.0583403939548976,0.0607148575449657,0.0634009919796871,0.0664077291312489,0.0697445760335989,0.0734215043583475,0.0774488271646336,0.0818370629893756,0.0865967876517563,0.0917384745027386,0.0972723242477653,0.103208085896118,0.109554870827969,0.116320962401305,0.123513623924565,0.131138908174361,0.139201471918032,0.1477043990857,0.156649036306276,0.166034844460521,0.175859269701534,0.186117637045553,0.196803069148083,0.207906432265434,0.219416310681395,0.231319010082901,0.243598589533894,0.256236920864679,0.269213773509132,0.282506922127969,0.296092273793269,0.309944011111687,0.324034747456229,0.338335690472636,0.352816810227213,0.367447008755779,0.382194288332668,0.39702591646732,0.411908586407251,0.426808572727341,0.441691882360501,0.456524402119275,0.471272044321539,0.485900892524484,0.500377349558556,0.514668290019498,0.52874121911894,0.542564439323709,0.556107225556724,0.569340008925998,0.582234568040476,0.59476422601713,0.606904050340749,0.618631051864345,0.629924378488223,0.640765498476959,0.651138368003618,0.66102957737567,0.670428470510218,0.679327232587278,0.687720941405165,0.695607578766366,0.702987999199857,0.709865854433091,0.716247473215422,0.722141697313561,0.727559675698556,0.732514620076069,0.73702152593591,0.741096864179257,0.744758249097506,0.748024089009434,0.750913226206719,0.753444573013862,0.755636750746936,0.757507738172084,0.759074535739708,0.760352851426833,0.761356813482181,0.76209871475969,0.762588792667867,0.762835048073487,0.762843105793799,0.762616118603331,0.762154715977602,0.761456998101776,0.760518574990142,0.759332649893968,0.757890145521516,0.756179870956694,0.754188726544842,0.751901943420797,0.749303353793198,0.746375687580379,0.743100890529675,0.739460458558011,0.735435782742715,0.731008499182757,0.726160837856174,0.720875964630462,0.71513831074674,0.708933884398124,0.702250559454541,0.695078336941272,0.687409575540715,0.679239188135485,0.670564802219155,0.661386882839346,0.651708817574073,0.641536963844284,0.630880659602868,0.61975219908597,0.608166775844686,0.59614239567915,0.583699762365114,0.57086213919628,0.55765518937244,0.544106798159825,0.530246879558373,0.516107169957143,0.501721010973451,0.487123123382805,0.472349373783521,0.457436535426085,0.442422044491644,0.427343753038384,0.412239679853222,0.397147760545836,0.382105598391473,0.367150217650907,0.352317821347783,0.337643555739618,0.323161283951974,0.308903371429573,0.294900485970264,0.281181415128992,0.267772903696764,0.254699513768244,0.241983509612436,0.229644769162506,0.217700723457813,0.206166324823717,0.195054043986277,0.184373895715339,0.174133491996752,0.164338121177324,0.154990851026736,0.146092653237012,0.137642546545859,0.129637755433434,0.122073881205953,0.114945082242109,0.108244260233192,0.101963249385009,0.0960930057565458,0.0906237941720046,0.0855453704441339,0.0808471569719714,0.0765184101107196,0.0725483780420604,0.0689264481883701,0.065642283504711,0.0626859472410738,0.060048015989403,0.0577196810128695,0.0556928379980335,0.053960165475134,0.052515192220248,0.0513523539891683,0.0504670399410046,0.0498556290946812,0.0495155171288782,0.0494451337907286,0.0496439511257157,0.0501124826853034,0.0508522738139774,0.0518658830670728,0.0531568547679097,0.054729682679564,0.0565897647447395,0.0587433488377315,0.0611974694760462,0.0639598754561413,0.0670389484080087,0.0704436123068955,0.0741832340371751,0.0782675151732187,0.0827063752249884,0.0875098266920095,0.09268784237833,0.0982502155428304,0.104206413593303,0.110565426178045,0.117335608683647,0.124524522309692,0.132138772056803,0.140183844129534,0.148663944414815,0.157581839844077,0.166938704576556,0.176733973046219,0.186965201989222,0.197627943607685,0.20871563202466,0.220219485142106,0.232128423927496,0.244429011026461,0.257105410431144,0.270139369730837,0.283510226238037,0.2971949380249,0.311168140627746,0.325402229885902,0.339867471079803,0.35453213422466,0.369362655061859,0.384323820970452,0.399378980695224,0.414490276454539,0.429618896649451,0.444725347045608,0.459769737942345,0.47471208448318,0.489512616904512,0.504132097173911,0.518532138147453,0.53267552109083,0.546526507176852,0.560051138408169,0.573217523333978,0.585996102946652,0.598359892269315,0.610284693385267,0.621749276016701,0.632735522230291,0.643228532422358,0.653216690402421,0.662691686132906,0.671648495472145,0.680085317082865,0.688003467483244,0.695407236006149,0.702303702170151,0.70870251863153,0.714615663461759,0.720057165966579,0.725042810622066,0.729589823946828,0.733716549259011,0.737442114288188,0.740786096535118,0.743768191109445,0.746407885541256,0.748724145772724,0.750735117206283,0.752457844330945,0.753908012081586,0.755099711718384,0.756045233653506,0.756754889305356,0.757236863729701,0.757497100461846,0.757539219701992,0.757364470682234,0.756971718762025,0.756357467501896,0.75551591565556,0.754439048690851,0.75311676409484,0.751537029334148,0.749686070926779,0.747548592639032,0.745108020355797,0.742346770694169,0.739246539951803,0.735788609518892,0.731954163454782,0.727724613557484,0.723081926957443,0.718008951066107,0.71248973062277,0.706509811624246,0.70005652710025,0.693119260016317,0.68568967904194,0.677761943503766,0.66933287453422,0.660402090200734,0.650972103230245,0.641048380794642,0.630639366660258,0.61975646679369,0.608414000224991,0.596629117569985,0.584421690085107,0.571814172457419,0.558831442714591,0.545500622679111,0.531850882300306,0.517913230997301,0.503720298861626,0.489306110229897,0.47470585177632,0.459955636922744,0.44509226804874,0.430152997729101,0.41517529004853,0.400196582952782,0.385254052594507,0.370384380714789,0.355623526255601,0.341006502605523,0.326567162118648,0.312337989789038,0.298349908184636,0.284632095920059,0.27121182205538,0.258114298830233,0.245362555067119,0.232977332399152,0.220977006196191,0.209377532686873,0.198192423315538,0.187432746850616,0.177107159196759,0.167221960280915,0.157781176808037,0.148786669139317,0.140238260057316,0.132133882767064,0.124469745154971,0.117240507098306,0.110439467491888,0.104058757635396,0.0980895376993277,0.0925221931511998,0.0873465282636102,0.0825519541274037,0.0781276689401428,0.0740628287153821,0.0703467069453271,0.0669688421327559,0.0639191724736872,0.061188157308385,0.0587668852554428,0.0566471691949041,0.0548216284671792,0.0532837588027403,0.0520279905932337,0.0510497361596191,0.0503454266707621,0.0499125393213904,0.0497496152973962
72,0.0415594809087167,0.0416563164249014,0.0420038096875065,0.0426037264679168,0.0434588853359679,0.0445731341647351,0.0459513181172924,0.0475992386208691,0.0495236027243707,0.0517319621618306,0.0542326414145731,0.0570346540855064,0.0601476069756651,0.0635815913900393,0.0673470613991288,0.0714546990444094,0.0759152667971249,0.080739447954506,0.0859376760761655,0.0915199550130341,0.0974956715452065,0.103873403103759,0.110660723482617,0.11786400982581,0.125488254478315,0.133536885491386,0.142011599654488,0.150912211868541,0.160236524467899,0.169980219737347,0.180136778359949,0.190697425885525,0.201651108550867,0.212984498943173,0.224682031116441,0.236725963891173,0.249096470237559,0.261771749908088,0.274728161890377,0.28794037283125,0.301381517365305,0.315023366279968,0.328836498665275,0.342790474616971,0.356854005658901,0.370995120785584,0.385181326848948,0.399379762868311,0.413557348670876,0.427680929013228,0.441717414939705,0.455633924556882,0.469397925612316,0.482977382241662,0.496340907988156,0.509457926714475,0.522298842346054,0.534835217547073,0.547039960485396,0.558887517848371,0.570354071288169,0.581417733563811,0.592058739863965,0.602259629189116,0.612005410283154,0.621283706459679,0.630084873780606,0.638402087413414,0.646231391603816,0.653571709526158,0.660424810276639,0.666795231409159,0.672690156629333,0.678119249506138,0.683094445280686,0.68762970399947,0.691740729232768,0.695444657523496,0.698759724422464,0.701704913487499,0.704299594950584,0.706563160892506,0.708514663719788,0.710172464531456,0.711553897615647,0.712674956852743,0.713550009248096,0.71419154019806,0.714609934430036,0.714813295869714,0.714807308991554,0.714595143512845,0.714177403604568,0.713552122117549,0.712714799661446,0.711658487726919,0.710373914407328,0.708849650655996,0.707072314410223,0.705026809328332,0.702696594328274,0.70006397959593,0.697110444261152,0.693816970535031,0.690164388779124,0.68613372775302,0.681706564175915,0.676865365753394,0.671593821971256,0.665877157247371,0.659702421457873,0.653058753406608,0.645937613470951,0.638332982411387,0.630241524149444,0.621662711167889,0.612598912035123,0.60305544136917,0.593040573303328,0.582565520167629,0.571644378634808,0.56029404598109,0.548534109373011,0.53638671121259,0.523876393563928,0.511029924561444,0.497876109487336,0.484445588931228,0.470770626139799,0.456884885359255,0.44282320269874,0.428621350823411,0.41431579864152,0.39994346709297,0.385541482181475,0.37114692651468,0.356796590814302,0.342526727112491,0.328372805636929,0.314369277677646,0.300549346994198,0.286944752534332,0.273585565369733,0.2605000027906,0.24771426242534,0.235252379058159,0.223136106507632,0.211384826512517,0.200015486063179,0.189042564039628,0.178478067395812,0.168331556492274,0.158610198553557,0.149318847639514,0.140460148994503,0.132034665194731,0.124041021165967,0.116476064900097,0.109335040562561,0.102611770651185,0.096298843933226,0.0903878060404849,0.0848693498282803,0.0797335028869578,0.074969809917865,0.0705675080326849,0.0665156933900766,0.062803477932552,0.0594201353173967,0.0563552354384468,0.0535987672034102,0.0511412494593483,0.0489738301444025,0.0470883738864627,0.0454775383706105,0.0441348398597234,0.0430547082805885,0.0422325322861132,0.0416646946780418,0.0413485985295844,0.0412826842890568,0.0414664380793635,0.0419003913388606,0.0425861118812445,0.0435261863894885,0.0447241943047126,0.0461846730277981,0.0479130743215666,0.0499157117858177,0.0521996992774448,0.0547728801637822,0.0576437473295157,0.0608213539060483,0.0643152147569969,0.0681351988344339,0.0722914126172796,0.0767940749555938,0.0816533837718094,0.0868793752113928,0.0924817759896356,0.0984698498463796,0.104852239193783,0.111636803220174,0.118830453891256,0.126438991463072,0.134466941283306,0.142917393802181,0.151791849834889,0.161090073207781,0.170809952974945,0.180947377405771,0.19149612191473,0.202447753030795,0.213791550386385,0.225514448547226,0.237601000309345,0.250033362863369,0.262791307975685,0.27585225706769,0.289191341794419,0.302781490437586,0.316593540139347,0.330596374713872,0.344757087484456,0.359041168303126,0.37341271361492,0.387834658127416,0.402269026334633,0.41667720182156,0.431020211941192,0.445259025112752,0.459354857643208,0.473269486633016,0.486965565203005,0.500406935986812,0.513558938588489,0.526388706524994,0.538865449074756,0.550960713451669,0.562648622830509,0.573906085973334,0.584712974549705,0.595052264704377,0.604910139996242,0.614276053497891,0.623142747587883,0.631506230764449,0.639365711634686,0.646723491060052,0.653584814240174,0.659957685266941,0.665852647356952,0.671282532553515,0.676262185165477,0.680808163570243,0.684938425248738,0.688672000042496,0.692028656633761,0.695028567158849,0.697691974686504,0.700038868042151,0.702088668152417,0.703859929738725,0.70537006182005,0.706635070106978,0.707669323993994,0.708485350493283,0.709093657107129,0.709502585310212,0.709718196007139,0.709744188041668,0.709581850556768,0.709230049731794,0.708685250146579,0.70794157073341,0.70699087496887,0.705822894621286,0.704425386001696,0.702784317264467,0.700884084869677,0.698707756858025,0.696237340109476,0.693454068272008,0.690338706573041,0.686871869282709,0.683034345206211,0.678807426264106,0.674173233995678,0.669115038710815,0.663617566035637,0.657667285756942,0.651252678174793,0.644364473618444,0.636995861358098,0.629142664836024,0.620803480920902,0.611979781728671,0.602675978417522,0.592899447217659,0.582660518761969,0.571972432508182,0.56085125865753,0.549315790457149,0.537387410109141,0.525089931693548,0.512449424549242,0.499494020459385,0.486253707777263,0.472760115331175,0.459046288594843,0.445146460235492,0.431095816787778,0.416930262877565,0.402686184159662,0.388400209956054,0.37410897649606,0.359848891669478,0.345655902302057,0.331565265136436,0.317611322931269,0.303827287352769,0.290245030599228,0.276894887942709,0.263805473566634,0.251003512199951,0.238513689079488,0.226358520698934,0.214558248619819,0.203130758327632,0.192091524722789,0.1814535853556,0.171227541966167,0.161421590297711,0.152041577541007,0.143091086165276,0.134571542322855,0.126482346505056,0.118821023694892,0.111583389924413,0.104763731910615,0.098354996319215,0.0923489851894065,0.0867365541396342,0.0815078101543313,0.0766523060111768,0.0721592287316579,0.06801757980711,0.0642163453499571,0.0607446547279501,0.0575919266414824,0.0547480019858877,0.0522032631898005,0.0499487400273578,0.0479762021592087,0.046278238860484,0.0448483265410798,0.0436808847550948,0.0427713214342348,0.0421160680683703,0.0417126055004246,0.0415594809087167
73,0.0344565208369823,0.0345442366183616,0.0348641710154597,0.0354180940065224,0.0362088283369719,0.037240227229858,0.038517143928627,0.0400453925205912,0.041831699368545,0.0438836443948895,0.0462095914254026,0.0488186068156258,0.0517203656577864,0.0549250450047286,0.0584432037520662,0.0622856490907309,0.0664632897764749,0.0709869768545492,0.0758673329168989,0.0811145714422476,0.0867383082590377,0.0927473676565774,0.0991495861273468,0.105951617127711,0.113158740569119,0.120774680971908,0.128801438306289,0.137239135491593,0.146085886313151,0.155337687141759,0.164988335308149,0.175029376308407,0.18545008122013,0.196237454826519,0.207376274017893,0.218849155114041,0.230636647876366,0.242717353205268,0.255068060891571,0.267663903349373,0.280478521029958,0.293484235217577,0.306652224139187,0.319952698767445,0.33335507533077,0.346828142324406,0.360340220689937,0.373859316738581,0.387353268273456,0.400789885156935,0.414137086215599,0.427363034830665,0.440436275792218,0.453325875981773,0.466001571186405,0.478433920851817,0.490594471879543,0.502455931706697,0.513992349927695,0.525179306685959,0.535994105043085,0.546415963586309,0.556426204721067,0.566008433465184,0.575148701155138,0.583835648320622,0.592060621094712,0.599817755902114,0.607104027791671,0.613919258623413,0.620266082345357,0.626149865753709,0.631578584369251,0.636562654327597,0.641114722418068,0.645249417565464,0.648983068087773,0.652333389946292,0.655319151907622,0.657959824044968,0.660275216314521,0.662285114056231,0.664008917200087,0.665465289728191,0.666671825573526,0.667644736654392,0.668398568175911,0.668945945702202,0.669297357837621,0.66946097767199,0.669442525457639,0.66924517430585,0.668869500022787,0.668313475552973,0.667572509861526,0.66663953046324,0.6655051081951,0.664157622227984,0.662583462723881,0.660767267970529,0.658692192272652,0.656340200358157,0.653692383582029,0.650729292795908,0.647431282415083,0.6437788599743,0.639753035336237,0.63533566371557,0.630509776817384,0.62525989666576,0.619572327115296,0.613435418586384,0.606839802228972,0.599778590477244,0.592247541781364,0.584245188160487,0.575772925078954,0.566835063970278,0.557438848488027,0.547594436219581,0.537314848134511,0.526615888437698,0.515516037750376,0.504036322651193,0.492200164583957,0.480033210997002,0.46756315134589,0.45481952029604,0.441833490137702,0.428637654105035,0.415265802005303,0.401752689339693,0.388133800954726,0.374445110215309,0.360722834741347,0.347003189894849,0.333322141430437,0.319715159008655,0.306216972592219,0.2928613340705,0.279680786755729,0.266706445635603,0.253967791424148,0.24149248150451,0.229306180789173,0.217432415328468,0.205892451178796,0.194705200607805,0.183887157181924,0.173452360675363,0.163412392086391,0.153776398376065,0.144551145886685,0.135741100780524,0.127348534288994,0.119373650098949,0.11181473084121,0.104668300395803,0.097929298591495,0.0915912648513977,0.0856465274136161,0.0800863949242625,0.0749013474444479,0.0700812242161115,0.0656154058759051,0.0614929891740958,0.0577029526300133,0.0542343119220188,0.0510762641556855,0.0482183204687185,0.0456504267076458,0.0433630721445941,0.0413473863901573,0.0395952248002013,0.0380992427721424,0.0368529593829367,0.0358508108411043,0.0350881942137547,0.0345615018524662,0.0342681468848869,0.0342065800679546,0.0343762982193013,0.0347778443609811,0.0354127996289004,0.0362837669264042,0.0373943462349763,0.0387491014418666,0.04035351850605,0.04221395476202,0.0443375791568498,0.0467323032306057,0.0494067026841028,0.0523699294314339,0.0556316141076699,0.0592017590944891,0.0630906222377502,0.0673085915605473,0.071866051421926,0.076773240733687,0.0820401040233403,0.087676136317364,0.093690223011713,0.10009047609132,0.106884068251599,0.114077066656408,0.121674268231753,0.129679038535605,0.138093156354824,0.146916666253965,0.156147741332711,0.165782558435158,0.175815187993515,0.18623750058143,0.197039092100622,0.208207229333403,0.2197268173693,0.231580390163732,0.243748125218478,0.256207883095391,0.26893527219316,0.281903738937513,0.295084683261238,0.308447598983214,0.321960238434001,0.335588800416743,0.349298140331585,0.363052001024712,0.376813262644618,0.390544209494896,0.404206811563175,0.417763018081421,0.431175060138389,0.444405759029147,0.457418836701217,0.470179224357025,0.482653365015062,0.494809505636023,0.506617974302898,0.518051437922487,0.52908513600315,0.53969708626976,0.549868258205442,0.55958271105958,0.568827693424881,0.577593702149536,0.585874499094742,0.593667085049881,0.600971630951017,0.60779136738506,0.614132434173865,0.620003692592832,0.625416503463505,0.630384474949401,0.634923184363672,0.639049878657236,0.64278315849233,0.646142650921274,0.649148675689903,0.651821910080766,0.654183057017021,0.656252520880461,0.658050095173954,0.659594665797475,0.660903933324535,0.661994157277312,0.662879925016323,0.663573947493912,0.664086883775986,0.664427195916436,0.664601035472933,0.66461216267796,0.664461899019056,0.664149113729483,0.663670244435782,0.663019351942334,0.662188208846199,0.661166421360018,0.659941583371144,0.658499461378317,0.656824208523877,0.654898605484032,0.652704325500934,0.650222220350921,0.64743262355995,0.644315666719604,0.640851604347159,0.637021142393879,0.632805765259511,0.628188056038322,0.623152004719907,0.617683299208163,0.61176959430979,0.605400754277533,0.598569065063476,0.591269413126667,0.583499428422408,0.575259590047169,0.566553293888042,0.557386882491676,0.547769638187175,0.53771374123568,0.527234195405961,0.516348723866962,0.505077638629888,0.493443686958402,0.481471878199901,0.46918929438707,0.456624887738415,0.443809267877421,0.430774481224692,0.41755378463038,0.404181414939052,0.390692355846724,0.377122103145556,0.36350642927458,0.349881148015217,0.336281880190721,0.322743821342424,0.309301512548897,0.295988615806174,0.282837695672558,0.269880009171877,0.257145306215108,0.244661643014204,0.23245521109895,0.220550184588041,0.208968588295832,0.197730189069771,0.186852412451698,0.176350286347011,0.166236412884498,0.15652096907681,0.147211736272192,0.138314157749555,0.129831423179651,0.121764578082553,0.114112655880716,0.106872829698948,0.100040580713911,0.0936098796169974,0.0875733776306587,0.0819226035085176,0.0766481630477616,0.0717399378376635,0.0671872802460559,0.062979201989215,0.059104554021187,0.0555521958971654,0.0523111531934365,0.0493707619865649,0.0467207997916152,0.0443516027205963,0.0422541689379447,0.0404202487525278,0.0388424218909475,0.0375141626429981,0.0364298936575293,0.035585029198186,0.0349760086478282,0.0346003209834639,0.0344565208369823
74,0.0283266776530391,0.0284059783682552,0.0287002094259901,0.0292111382554661,0.029941582407929,0.0308953884849034,0.0320774032409466,0.0334934362552071,0.0351502134343115,0.0370553205168348,0.0392171357052884,0.0416447505627527,0.0443478783844369,0.0473367493944314,0.0506219923275709,0.0542145022359077,0.0581252947060676,0.0623653470814738,0.0669454277419868,0.0718759149888461,0.0771666075967955,0.0828265296062183,0.0888637324111745,0.0952850976275589,0.102096144571533,0.109300846415094,0.116901459188912,0.124898367752784,0.133289952637993,0.142072481278613,0.151240026594727,0.160784415184668,0.17069520655074,0.180959703858787,0.191562995759544,0.202488027828525,0.213715701263768,0.225224995669288,0.236993112094926,0.248995632041063,0.261206687899213,0.273599140303221,0.286144758111577,0.298814397214628,0.311578175030891,0.324405638380419,0.337265923345493,0.350127906687653,0.362960349319941,0.375732033170374,0.388411893458831,0.400969148896315,0.413373432567432,0.425594926253991,0.437604500696395,0.449373863783733,0.460875717942481,0.472083927101111,0.482973692597998,0.493521736335033,0.503706488424843,0.513508275600699,0.522909505815908,0.5318948438063,0.540451371967077,0.548568730732043,0.556239232752592,0.563457945554146,0.570222737982675,0.576534286613661,0.582396039339655,0.587814134530876,0.592797275421645,0.597356560657175,0.601505273185079,0.605258630843156,0.608633503035593,0.611648098768708,0.614321632010039,0.616673970826925,0.618725277049273,0.620495643292206,0.622004734082371,0.62327143757774,0.624313533980477,0.625147386243332,0.625787658090375,0.626247063738794,0.626536153043541,0.626663135109706,0.626633742743337,0.626451139449269,0.626115870039572,0.6256258552896,0.624976430468611,0.624160426975465,0.623168295723346,0.621988270338414,0.620606567665402,0.619007622511047,0.617174353010238,0.615088452479838,0.612730703144918,0.610081306698014,0.607120226302458,0.603827534394564,0.600183760494565,0.596170233218044,0.591769410799443,0.586965194702783,0.581743221301404,0.576091127150112,0.56999878403446,0.563458500740682,0.556465189317736,0.549016494467247,0.541112885562329,0.53275771162618,0.523957220361694,0.514720542983537,0.50505964713986,0.494989260605065,0.484526768669772,0.473692088250591,0.462507521700907,0.450997593143579,0.439188869893248,0.427109771221004,0.414790366371689,0.402262163408481,0.389557890163236,0.376711268341953,0.363756781694297,0.350729439117308,0.337664533630448,0.324597398326797,0.311563160659186,0.298596496738582,0.285731387677043,0.27300088036713,0.260436855420525,0.248069805258558,0.235928625527767,0.224040423081598,0.212430343709453,0.201121422599429,0.190134460193256,0.179487925641609,0.169197889513578,0.159277986780289,0.149739410408694,0.140590935199074,0.131838970810809,0.123487642275656,0.115538895722885,0.107992626557844,0.100846826960702,0.0940977493144785,0.0877400820340286,0.0817671342469075,0.0761710258645942,0.0709428797652231,0.0660730130706549,0.0615511248231895,0.057366477731469,0.0535080720424393,0.0499648099891144,0.046725649646671,0.0437797473889419,0.0411165884631847,0.038726105485413,0.0365987848967506,0.0347257616108422,0.0330989022233518,0.0317108772488885,0.0305552229018234,0.029626392950048,0.0289198011502796,0.0284318547260258,0.028159979280935,0.0281026354571872,0.0282593275566865,0.0286306042476754,0.0292180513860431,0.030024276893555,0.0310528875583884,0.0323084575600549,0.033796488473747,0.0355233604805953,0.0374962745019273,0.0397231849886972,0.0422127231326212,0.0449741103237645,0.0480170617604976,0.0513516802217275,0.0549883401374817,0.0589375622412473,0.0632098792543009,0.0678156932362922,0.0727651254344515,0.0780678596719403,0.0837329805291118,0.0897688077838306,0.0961827287818104,0.102981030597719,0.110168734014866,0.117749431487933,0.125725131352303,0.134096110599013,0.142860778541573,0.152015553657406,0.161554755792,0.171470515770398,0.181752704272622,0.192388881604005,0.203364269736187,0.21466174771921,0.226261871279122,0.238142917127675,0.250280952228611,0.262649927994109,0.275221799128022,0.287966666589914,0.300852943922871,0.313847545964066,0.326916098733564,0.340023169066938,0.353132512314038,0.366207336164595,0.379210578378139,0.392105195891474,0.404854462455849,0.417422271626226,0.42977344159895,0.441874018087279,0.453691571154778,0.465195481714052,0.476357213262201,0.487150564382619,0.497551897610327,0.507540340445652,0.517097954613973,0.526209870106686,0.534864381093478,0.54305300145477,0.550770478427189,0.558014763659928,0.564786941819303,0.571091117723205,0.576934263807845,0.582326030497936,0.587278522743657,0.591806046582555,0.595924830066266,0.599652723250763,0.603008882180654,0.606013441904727,0.608687183548381,0.611051200350452,0.613126567362194,0.614934019222239,0.616493640081907,0.617824569378906,0.61894472676206,0.61987055907093,0.620616811885273,0.621196327790247,0.621619873160499,0.621895994952827,0.622030908712272,0.622028418736623,0.621889871102793,0.62161414002686,0.621197647797683,0.620634418281486,0.619916163731382,0.61903240434263,0.617970619664686,0.616716430610941,0.615253810396194,0.613565322284294,0.611632381552249,0.609435538585022,0.606954779524076,0.604169840422375,0.601060530431962,0.597607059190895,0.593790363308146,0.589592426689614,0.584996589423946,0.579987840066433,0.574553086429584,0.568681400408908,0.56236423293321,0.555595595812959,0.548372208043465,0.540693604970512,0.532562209608925,0.523983366280882,0.514965337571993,0.505519266353084,0.495659105252665,0.485401516464928,0.474765745124779,0.463773469668816,0.452448632633207,0.440817255229582,0.42890723881065,0.416748156016987,0.404371034019096,0.391808131869843,0.379092713596956,0.366258818325155,0.353341028449534,0.340374236705269,0.327393412904864,0.314433371145076,0.301528538414743,0.288712725747208,0.276018903335237,0.263478981335509,0.251123598404067,0.238981920292863,0.227081451071238,0.215447859688859,0.204104824647518,0.193073899483816,0.182374401576577,0.172023326482641,0.162035289581558,0.152422496289284,0.143194741505214,0.134359438311981,0.12592167528246,0.1178843010932,0.110248034527095,0.103011597396729,0.0961718674558133,0.0897240480064836,0.0836618506660933,0.0779776876335084,0.0726628697906234,0.067707807083152,0.063102207834121,0.0588352739384911,0.0548958892498344,0.0512727988803339,0.0479547775734957,0.0449307857554056,0.0421901123071748,0.0397225035125935,0.0375182780077871,0.0355684278835595,0.0338647063588387,0.0323997026508114,0.0311669048122899,0.0301607513903292,0.0293766727849694,0.0288111231577842,0.028461603662668,0.0283266776530391
75,0.023065203104138,0.0231367905028062,0.0234071494305459,0.0238780386071428,0.0245522618242904,0.0254336480815119,0.0265270242262163,0.0278381794417557,0.0293738207854775,0.0311415188779479,0.0331496427935234,0.035407283209247,0.0379241629404361,0.0407105341325305,0.0437770615929108,0.0471346920339376,0.0507945093567441,0.0547675765280134,0.0590647650787397,0.0636965737702374,0.0686729385096413,0.0740030361321461,0.0796950851743414,0.0857561472140114,0.0921919327176288,0.0990066155892034,0.106202660727549,0.113780668852614,0.121739242641176,0.130074877812428,0.138781882229293,0.147852325347047,0.157276019473294,0.167040533339316,0.177131237467643,0.187531379806268,0.198222189141476,0.209183002953512,0.220391415693132,0.231823442975083,0.243453696938131,0.255255568027423,0.267201408714974,0.279262715172316,0.291410303614175,0.303614478897611,0.315845193929987,0.328072199446451,0.34026518469535,0.352393910451313,0.36442833650021,0.376338746257351,0.388095871453382,0.399671019830627,0.411036208532844,0.422164305357583,0.433029179303274,0.443605860927839,0.453870711998406,0.463801602816771,0.47337809452034,0.482581622650681,0.491395677413942,0.49980597538347,0.507800616957695,0.515370223714426,0.522508049909832,0.529210062754524,0.535474986742865,0.541304308184188,0.546702237143481,0.551675625193281,0.556233838651787,0.560388588276267,0.564153717639323,0.567544953586326,0.570579623211136,0.573276342658729,0.575654683743177,0.577734824844349,0.579537192814279,0.58108210269214,0.582389401911223,0.583478125405028,0.584366167609561,0.585069976844367,0.585604276964961,0.585981820541268,0.586213177154263,0.58630655973537,0.586267691214258,0.586099713099361,0.585803136995446,0.585375839463821,0.584813100049972,0.584107681735903,0.583249952515,0.582228046232045,0.581028060278565,0.579634287185602,0.578029476618266,0.576195123758722,0.574111779580563,0.57175937808478,0.569117575205152,0.566166093818831,0.562885069135465,0.55925538870218,0.555259021364631,0.550879329773101,0.546101361417302,0.540912113706768,0.535300769270301,0.529258898405534,0.522780626439383,0.515862764628444,0.508504904098683,0.500709473158785,0.492481759085826,0.483829896143893,0.474764822130658,0.465300206136218,0.455452350434426,0.445240069510825,0.434684549174193,0.423809188520288,0.412639427243945,0.401202560461669,0.389527542847006,0.37764478353107,0.365585932914668,0.353383662305216,0.341071437153445,0.328683284635223,0.316253556406715,0.303816687550884,0.29140695301484,0.27905822318746,0.266803720655335,0.25467578056872,0.242705617412412,0.230923101275197,0.219356546915509,0.208032519005752,0.196975656887025,0.186208521972191,0.175751470600406,0.165622554681482,0.15583745189323,0.146409426535424,0.137349321431116,0.12866558053335,0.12036430117662,0.11244931423972,0.104922289888102,0.0977828660623696,0.0910287964916474,0.0846561147459524,0.0786593107031254,0.0730315157896775,0.0677646934517291,0.0628498315081165,0.0582771333154654,0.0540362050152663,0.0501162365156589,0.0465061742660301,0.0431948842922957,0.0401713043585609,0.0374245844930672,0.0349442154521513,0.03272014498755,0.0307428820249207,0.0290035890526699,0.027494163160294,0.0262073062565654,0.0251365850438117,0.0242764813301614,0.0236224332327458,0.0231708677676698,0.0229192252435482,0.0228659757809156,0.0230106281760376,0.0233537312203431,0.0238968674812003,0.0246426394508746,0.0255946478824703,0.0267574620581755,0.0281365816793487,0.0297383900325306,0.0315700980724941,0.0336396790746259,0.0359557935455318,0.0385277041435415,0.0413651804501435,0.0444783935491139,0.047877800511492,0.0515740190501932,0.0555776927957232,0.0598993478510762,0.0645492415053339,0.0695372042165638,0.0748724762090598,0.080563540260538,0.0866179524735098,0.093042173023115,0.099841399042499,0.107019401938023,0.114578371512773,0.122518769312081,0.130839193585142,0.139536258180859,0.148604487565021,0.158036229963801,0.167821590412065,0.177948385222917,0.188402119107738,0.19916598587494,0.210220893331896,0.221545512717893,0.233116352714782,0.244907857821437,0.256892530640652,0.269041077411543,0.281322575922896,0.293704664756339,0.306153752624421,0.318635246378174,0.33111379605293,0.343553555092824,0.35591845363906,0.36817248248419,0.380279984987615,0.392205953924669,0.403916329915319,0.415378297765081,0.426560576769254,0.437433700802983,0.447970283864497,0.458145266676825,0.467936140000455,0.477323140477934,0.486289415127465,0.494821151026365,0.502907667270055,0.510541466944957,0.517718247595144,0.524436869468653,0.530699281672452,0.536510407215118,0.541877988743549,0.546812397555307,0.551326409165938,0.555434949309086,0.55915481472996,0.562504373489642,0.565503249724237,0.568171997901119,0.57053177159158,0.572603991647385,0.574410018443607,0.575970832550131,0.577306727838931,0.578437020643195,0.579379778176518,0.580151569011964,0.580767238026077,0.581239707841996,0.581579808465874,0.581796136504486,0.581894945078747,0.581880065303627,0.581752859982566,0.581512209954777,0.581154533325753,0.580673837593545,0.580061804444668,0.579307906723805,0.578399556773144,0.577322284985167,0.576059947016152,0.574594957669589,0.572908548987088,0.57098104959142,0.568792181829112,0.566321372778636,0.563548074748296,0.560452090509767,0.557013898223789,0.553214970836598,0.549038084678691,0.544467612095961,0.539489793194626,0.534092982185929,0.528267864365816,0.522007640442083,0.515308175701945,0.508168112365493,0.500588944358265,0.49257505462008,0.484133715907629,0.475275056807615,0.466011995322941,0.456360142901099,0.446337682124699,0.43596522147245,0.425265630588508,0.414263859382656,0.402986744045969,0.391462802736096,0.379722023297702,0.367795644973709,0.355715935667984,0.343515965973133,0.331229380905715,0.318890170115602,0.306532437267985,0.294190169337977,0.281897006701798,0.269686015139946,0.257589461163721,0.245638592409281,0.233863425181557,0.222292541541954,0.210952898587658,0.199869652739548,0.189066001917962,0.178563048426053,0.16837968517187,0.158532507543644,0.149035752817379,0.139901268438149,0.131138509899559,0.122754568277091,0.114754226781062,0.107140045015023,0.099912468986085,0.0930699643423055,0.0866091698324114,0.080525067612296,0.0748111667726682,0.0694596963378613,0.0644618039858037,0.0598077568562213,0.0554871410360003,0.0514890566209455,0.047802305632845,0.0444155704991429,0.0413175812585964,0.0384972701197691,0.0359439124513895,0.0336472537081166,0.0315976221785389,0.0297860277737512,0.0282042473472484,0.0268448972457774,0.0257014939346885,0.0247685036211857,0.0240413818178384,0.0235166037516626,0.0231916864373453,0.023065203104138
76,0.0185761778943205,0.0186407425485747,0.0188890252555365,0.0193227705037594,0.01994476059663,0.0207587969641676,0.0217696742920021,0.0229831467652167,0.0244058855736613,0.0260454267166998,0.0279101080882148,0.0300089948254186,0.0323517919747186,0.0349487436701436,0.0378105182380132,0.0409480789363314,0.0443725404061971,0.0480950113490052,0.0521264244367378,0.0564773549982561,0.0611578305827198,0.066177134058569,0.0715436034358721,0.0772644320718872,0.0833454733039751,0.0897910538209116,0.0966038002063077,0.103784483044277,0.11133188275279,0.119242680898335,0.127511380151049,0.136130255278222,0.145089336673426,0.154376426916695,0.163977149805553,0.173875030241516,0.184051602359556,0.194486542406239,0.205157822158905,0.216041878177929,0.227113791929441,0.23834747582486,0.249715860497209,0.261191079156297,0.272744645602419,0.284347623383306,0.29597078459206,0.307584757857075,0.319160166097791,0.330667755543328,0.342078518271865,0.353363811074902,0.364495473744316,0.375445949900089,0.386188413219343,0.396696901407717,0.406946459503721,0.41691329317205,0.426574931581077,0.435910398338754,0.444900387849722,0.453527443423436,0.461776132572713,0.469633214249679,0.477087792315178,0.48413144935762,0.490758355081586,0.49696534387281,0.502751956796405,0.508120444167242,0.513075725901665,0.517625308065515,0.521779155317197,0.525549520246531,0.52895073187277,0.531998946735669,0.534711867046885,0.537108431230097,0.539208482842976,0.541032424329993,0.542600862300874,0.543934251074192,0.545052541086966,0.545974838473379,0.546719081687423,0.547301740516077,0.547737542231545,0.54803922899135,0.548217349937517,0.548280090789992,0.548233143088263,0.548079614616849,0.547819981957528,0.547452085542484,0.546971167032983,0.546369948311568,0.545638750845323,0.544765653648175,0.543736687538886,0.542536062858996,0.541146427286929,0.539549149870376,0.537724626912974,0.535652604910885,0.533312515360335,0.530683815969616,0.527746332629081,0.524480596438428,0.520868170175726,0.516891958825419,0.512536499163846,0.507788223923744,0.502635696709071,0.49706981458546,0.491083976100817,0.484674213360324,0.477839287653136,0.470580748966045,0.462902960485617,0.45481308985243,0.446321069462848,0.43743952849727,0.428183699580469,0.418571303050976,0.408622411743946,0.398359298996085,0.387806272290362,0.376989494606105,0.365936795163729,0.354677470890067,0.343242079615121,0.331662225774136,0.319970339252967,0.308199447993963,0.296382945077871,0.284554351208441,0.272747073834518,0.260994164524783,0.24932807663171,0.237780425708197,0.226381755535455,0.215161312948133,0.20414683487041,0.193364351079081,0.182838006169176,0.172589904006387,0.162639977610491,0.153005886936789,0.143702946428681,0.134744083531439,0.12613982861757,0.11789833601318,0.110025435068125,0.102524709514075,0.0953976027334463,0.0886435460426939,0.0822601066926901,0.0762431520171584,0.0705870260199126,0.0652847346790213,0.0603281363509362,0.0557081338652685,0.0514148651930367,0.0474378899274813,0.043766369215869,0.0403892372024584,0.0372953624678324,0.0344736983611954,0.0319134215058556,0.0296040581029221,0.0275355979562832,0.0256985963883503,0.0240842644087144,0.0226845476371332,0.0214921945705047,0.020500814824684,0.0197049279813222,0.0191000036333605,0.0186824931568209,0.0184498536477414,0.0184005643580892,0.0185341358495805,0.0188511119655707,0.0193530646040892,0.0200425811647735,0.0209232444434869,0.0219996046648431,0.0232771432782923,0.0247622281009258,0.0264620593723599,0.0283846062961013,0.0305385336793383,0.0329331183502992,0.0355781551297241,0.0384838522605316,0.0416607163565495,0.0451194271154749,0.0488707022502395,0.0529251533227551,0.0572931334094484,0.0619845777826224,0.0670088390478958,0.0723745184270606,0.0780892951082184,0.0841597557911316,0.0905912267256314,0.0973876106656387,0.104551231233158,0.112082687199847,0.119980719145165,0.128242090839543,0.13686148753124,0.145831433092823,0.155142227716276,0.16478190754588,0.174736227318017,0.184988666750016,0.195520461098997,0.206310656007335,0.217336186472575,0.228571979531529,0.239991080032512,0.251564798683814,0.263262881404728,0.275053698858972,0.286904454908335,0.29878141257547,0.310650135937944,0.322475746182024,0.334223189818303,0.345857516800572,0.357344165997071,0.36864925514778,0.379739872115194,0.390584363916399,0.401152619731071,0.411416343835448,0.421349314238377,0.430927622713063,0.440129891944733,0.448937465663315,0.457334567908706,0.465308427985142,0.472849368194564,0.47995085208356,0.486609491675582,0.492825012964952,0.498600179793657,0.503940677085411,0.508854955242984,0.513354038294693,0.517451299077337,0.521162205343462,0.524504041163446,0.527495608346932,0.530156912828841,0.532508841054691,0.534572831365659,0.536370545238426,0.537923542994892,0.539252968281187,0.540379245244987,0.541321791935136,0.542098753027851,0.542726754566639,0.543220683003007,0.54359349045317,0.543856027749231,0.544016906564932,0.544082391635094,0.544056323859882,0.543940074882438,0.543732533541251,0.543430124415105,0.543026858486325,0.542514415734823,0.541882259230455,0.541117780005326,0.540206471655291,0.539132133239087,0.537877098616667,0.536422489902982,0.534748492221499,0.532834646440155,0.530660156081912,0.528204204146219,0.525446275182121,0.522366477644022,0.518945861361226,0.51516672488314,0.511012907538749,0.506470061280745,0.501525897772265,0.496170406710148,0.490396042046534,0.484197873545924,0.47757370196599,0.470524137040349,0.463052638330156,0.4551655198582,0.446871920205501,0.43818374040284,0.429115552461473,0.419684481741237,0.409910066542947,0.399814098339117,0.389420445936176,0.378754866615807,0.367844806963038,0.356719195689833,0.345408230342987,0.333943159381498,0.322356060755306,0.31067961784304,0.298946893431959,0.287191102360697,0.275445383497054,0.263742571881783,0.25211497211909,0.240594134411967,0.229210634996429,0.217993863090649,0.206971816809432,0.196170910769044,0.185615798293676,0.175329211209716,0.165331820161576,0.155642118195634,0.146276330037592,0.137248349042965,0.128569703247588,0.120249551308936,0.112294708438389,0.104709701711281,0.0974968534383632,0.0906563906209664,0.0841865779215531,0.0780838710856182,0.0723430873687453,0.0669575892658533,0.061919477713526,0.057219790939196,0.052848705255124,0.0487957343276383,0.0450499237757978,0.0416000383485661,0.0384347393741119,0.0355427506471309,0.0329130113989561,0.0305348154613879,0.0283979361716594,0.0264927369588556,0.0248102678906299,0.0233423487357678,0.0220816393086901,0.0210216980049875,0.0201570295137102,0.0194831227057802,0.0189964796537544,0.0186946366428468,0.0185761778943205
77,0.0147720284393274,0.0148302424947715,0.0150582001359984,0.0154576267637166,0.0160312763133442,0.0167829136902576,0.0177172903150303,0.0188401120349792,0.0201579984990615,0.021678432977506,0.0234097015449323,0.0253608205447417,0.0275414513207339,0.0299618013450507,0.0326325110933327,0.0355645263192604,0.0387689557589583,0.042256914744622,0.0460393557154372,0.050126887166957,0.0545295831575912,0.0592567860683817,0.0643169058618039,0.0697172195764048,0.0754636751950233,0.0815607043042251,0.0880110480933593,0.0948156012002875,0.101973277681658,0.109480902962164,0.117333135004031,0.125522417151343,0.134038964172096,0.142870781983741,0.152003720454745,0.161421557581617,0.171106112307931,0.181037382338779,0.191193702565805,0.201551919201025,0.212087574455899,0.222775096614086,0.233587990633105,0.244499024954851,0.255480410973153,0.266503972548718,0.27754130401585,0.288563916221441,0.299543371201641,0.310451407063871,0.321260055436757,0.331941754424403,0.342469460315143,0.352816761326763,0.362957996416741,0.372868381662648,0.382524145957073,0.391902676811009,0.400982675979199,0.409744323478123,0.418169447433254,0.426241696137655,0.433946707794041,0.441272272703883,0.448208482204014,0.454747858463301,0.460885459352906,0.466618952990543,0.471948657213268,0.476877540121689,0.481411178916085,0.4855576754581,0.489327528281299,0.492733462079325,0.495790216962903,0.498514300943205,0.500923710123711,0.503037621930653,0.504876067359714,0.506459588652179,0.507808889037134,0.508944481197877,0.509886340959624,0.510653572377606,0.511264089959746,0.511734323218111,0.512078948139269,0.512310649524423,0.512439917499785,0.512474880855357,0.512421179248871,0.512281875718471,0.51205741038399,0.511745595679789,0.511341652945525,0.510838289697101,0.510225816400127,0.509492301065878,0.508623759480948,0.50760437836659,0.506416768246801,0.505042242294957,0.503461116941575,0.501653029578713,0.499597268310537,0.497273108397137,0.49466014984136,0.491738650495695,0.488489849133295,0.484896273142937,0.480942025874363,0.476613049171399,0.471897357271323,0.466785238997222,0.461269425996187,0.455345225645142,0.449010618119414,0.442266317957813,0.435115801224296,0.427565300026834,0.419623766682132,0.411302810191721,0.402616607912075,0.393581795360188,0.384217337008632,0.374544380711519,0.364586098094515,0.354367512872802,0.343915318669135,0.333257687528268,0.322424070000434,0.311444987426154,0.300351816921099,0.289176569547437,0.277951662271022,0.266709684535428,0.255483160617252,0.244304309336751,0.233204803150816,0.222215529114436,0.211366354623058,0.200685901204035,0.190201329876944,0.179938141722998,0.169919997274679,0.160168558149549,0.150703354008886,0.141541677434506,0.132698508707049,0.124186471765011,0.116015821859799,0.108194464635247,0.100728005587456,0.0936198281378452,0.0868711979098239,0.0804813902626473,0.0744478377227441,0.0687662936735664,0.0634310085224675,0.0584349145529351,0.0537698157820401,0.0494265793606414,0.0453953253585172,0.0416656121469009,0.0382266150048534,0.0350672960120608,0.0321765637291295,0.029543421589797,0.0271571043231518,0.0250072020766646,0.0230837722145274,0.0213774390156249,0.0198794816894009,0.0185819112664349,0.0174775370062671,0.016560023002096,0.0158239356557627,0.0152647826531294,0.0148790439961274,0.0146641955501915,0.014618725451219,0.014742143591106,0.0150349842714812,0.0154988019872615,0.0161361601804357,0.0169506126949278,0.017946677569961,0.0191298027360364,0.0205063231280309,0.02208340870712,0.0238690028899094,0.0258717509214097,0.0281009177998752,0.0305662954668476,0.0332780991150295,0.0362468526388742,0.0394832634559287,0.042998087157618,0.0468019827015421,0.0509053591271933,0.0553182150555992,0.0600499725116611,0.0651093068757018,0.0705039750170474,0.0762406438761335,0.0823247219318796,0.0887601961081621,0.095549476729215,0.102693253123248,0.110190362394108,0.118037673733523,0.126229990436079,0.134759971513799,0.143618074498418,0.152792520680756,0.162269283683188,0.172032101908323,0.182062515069083,0.192339924694563,0.20284167823134,0.213543176126425,0.224418001086248,0.23543806855241,0.246573797311407,0.257794299051272,0.269067585579984,0.280360792314687,0.291640416524359,0.302872568650612,0.314023234834645,0.325058548540297,0.335945068886074,0.346650062991169,0.357141789314796,0.367389778642585,0.377365109069246,0.387040671066576,0.39639141853333,0.405394601620837,0.414029977134164,0.42227999243763,0.430129939053707,0.437568072537508,0.444585695729603,0.451177203125,0.457340084826822,0.463074889354632,0.468385145420949,0.473277243643895,0.477760279997607,0.481845863584194,0.485547892014333,0.488882298284612,0.491866773521035,0.494520470308275,0.49686369153866,0.49891756979539,0.500703742238888,0.502244025806674,0.503560097282679,0.504673182461538,0.5056037582484,0.506371271116776,0.506993874916193,0.507488190596277,0.50786909000945,0.508149505582127,0.50834026731165,0.508449968256174,0.508484859436535,0.508448774857846,0.508343087176232,0.50816669437192,0.507916037631465,0.507585150475853,0.507165738984323,0.50664729274411,0.506017225893983,0.505261047317767,0.504362558680284,0.503304078584101,0.502066690667947,0.50063051297849,0.498974985443129,0.49707917177335,0.494922071660265,0.492482938712389,0.489741599256862,0.486678766904416,0.483276347687134,0.479517730633125,0.475388058853588,0.470874476587307,0.465966348168549,0.460655445540776,0.454936101706246,0.44880532834866,0.442262896755206,0.435311382054922,0.427956171640775,0.420205439413832,0.412070088144843,0.403563662763975,0.394702237745313,0.385504281941146,0.375990504245429,0.366183683339867,0.356108484523283,0.345791266276223,0.335259878804577,0.324543456376871,0.313672204858449,0.302677185486887,0.291590095656222,0.280443047304438,0.2692683434416,0.258098253417588,0.246964787701164,0.235899473209796,0.224933130567782,0.214095655048958,0.203415803345678,0.192920988663027,0.182637086932894,0.172588257146621,0.162796778893552,0.15328291014906,0.144064768171622,0.135158236044767,0.126576896946195,0.118331997660725,0.11043244220074,0.10288481568741,0.0956934379111483,0.0888604452648105,0.0823858990609485,0.0762679176350786,0.0705028291256481,0.0650853414274293,0.0600087255508597,0.0552650084906822,0.0508451717114356,0.0467393514867787,0.0429370375707855,0.039427267014325,0.0361988103476656,0.033240347809066,0.0305406337856556,0.0280886481254888,0.0258737334583013,0.0238857181097863,0.0221150245958023,0.0205527640278704,0.0191908170420089,0.0180219020751197,0.0170396319554623,0.0162385598476233,0.0156142156013959,0.0151631335036114,0.0148828723290745,0.0147720284393274
78,0.0115730457675285,0.0116255567482589,0.0118348877938147,0.0122027410360609,0.0127318360054696,0.0134258931181143,0.0142896105420424,0.0153286336632928,0.0165495162054401,0.0179596719348207,0.019567315816176,0.0213813934792741,0.0234114979239,0.0256677725345334,0.0281607997009787,0.0309014746482068,0.0339008644653081,0.0371700527833035,0.0407199710736326,0.0445612181077153,0.048703869712483,0.0531572815521589,0.0579298882339475,0.0630290025431112,0.0684606190283856,0.0742292264497966,0.0803376337384831,0.0867868140781949,0.0935757714842748,0.10070143382137,0.108158575570337,0.115939772844591,0.124035392195763,0.132433613679016,0.141120487520677,0.150080022603307,0.159294303917984,0.168743635192187,0.178406702141169,0.188260751259199,0.198281778799413,0.208444724606428,0.218723665765321,0.229092005596432,0.239522654322263,0.249988198708987,0.260461059076966,0.270913633210044,0.281318427796886,0.291648179035812,0.30187596486098,0.311975311847287,0.321920300184239,0.331685670152737,0.34124693329036,0.350580490905531,0.359663761832854,0.3684753203593,0.376995044154979,0.38520427088176,0.393085961000652,0.400624863226387,0.407807678151522,0.414623214840053,0.421062534716634,0.427119076882307,0.432788759084452,0.438070048954492,0.442964000782294,0.447474253987351,0.451606990527851,0.455370849704762,0.458776800109037,0.46183796976435,0.464569436775876,0.466987983953812,0.469111821892943,0.470960285821745,0.472553512163167,0.473912101163354,0.475056772145251,0.476008017942846,0.47678576488924,0.477409044394986,0.477895681693428,0.478262006780011,0.478522591964751,0.478690019820378,0.478774684667668,0.478784630112927,0.478725424552932,0.478600075996211,0.47840898701657,0.478149950151074,0.477818183572381,0.477406406395035,0.476904952507192,0.476301921345271,0.475583363544207,0.474733498899112,0.473734963569717,0.472569082955828,0.471216166184944,0.469655817700501,0.467867261042862,0.465829669598476,0.463522498878331,0.460925814795853,0.458020612462717,0.45478912021924,0.451215083966562,0.447284027365482,0.442983484097007,0.438303199120145,0.433235296683197,0.427774413710348,0.421917798056705,0.41566537196197,0.409019761797271,0.401986295857063,0.394572972470964,0.386790401079931,0.378651719128356,0.370172487670162,0.361370568485112,0.35226598527313,0.342880771169743,0.333238804440562,0.323365633806641,0.313288294465011,0.303035115537315,0.29263551943582,0.282119813504797,0.271518974290873,0.260864424922586,0.250187806330179,0.239520743394024,0.228894607547317,0.218340277841688,0.207887902974475,0.197566667232866,0.187404563693701,0.177428178293288,0.167662488520735,0.158130680471844,0.148853987819257,0.139851555910308,0.131140333709185,0.122734995676625,0.114647894958297,0.106889048467662,0.0994661536389453,0.092384635829748,0.0856477246074164,0.0792565564908467,0.0732103011660399,0.0675063077681444,0.0621402675356902,0.0571063889970076,0.0523975818397561,0.0480056457309764,0.0439214605807785,0.0401351750577526,0.0366363905462544,0.03341433816206,0.0304580468912869,0.0277565013674329,0.0252987882349568,0.0230742304500841,0.0210725092290198,0.0192837736622972,0.0176987382667932,0.0163087689420253,0.0151059579353725,0.0140831885045284,0.0132341899991456,0.0125535840727709,0.0120369226870954,0.011680718489954,0.0114824680432947,0.0114406682542844,0.0115548262284679,0.0118254626247219,0.0122541084536343,0.012843295129447,0.0135965374660441,0.0145183092044638,0.0156140105775247,0.0168899273604346,0.0183531808283714,0.0200116680461442,0.0218739919538064,0.0239493807874411,0.0262475964873974,0.0287788318971695,0.0315535967437998,0.0345825926127393,0.0378765773825149,0.041446219861674,0.0453019456649207,0.0494537756680404,0.0539111586815764,0.058682800269496,0.0637764898988346,0.0691989288269649,0.0749555613028267,0.0810504117667448,0.087485930772169,0.0942628523167307,0.101380065157853,0.108834500502398,0.116621038207058,0.124732433317021,0.133159264418607,0.141889904903465,0.150910517854957,0.160205074889028,0.169755398928196,0.179541230571393,0.18954031745375,0.199728525773563,0.210079972998321,0.22056718064239,0.231161245925903,0.241832031064361,0.252548368885789,0.263278283411013,0.273989223947423,0.284648311125061,0.295222593137234,0.30567931023265,0.315986165244389,0.326111597640899,0.336025058259263,0.345697281549807,0.355100551845626,0.364208959895338,0.372998645686735,0.381448023466526,0.389537984846803,0.397252075997934,0.404576645169118,0.411500957154475,0.418017271829014,0.424120884502716,0.429810126563367,0.43508632567454,0.439953725635469,0.444419366862513,0.448492929285255,0.452186540232639,0.455514550587639,0.45849328308888,0.46114075713624,0.463476394802934,0.465520712964159,0.467295006523736,0.468821027663548,0.470120665869283,0.471215633217865,0.472127159067486,0.472875697892737,0.473480653577088,0.473960123034304,0.474330661598128,0.474607072211558,0.474802220075155,0.474926874085817,0.474989576116408,0.474996538951617,0.474951573501261,0.474856045750378,0.474708863764612,0.47450649493626,0.474243013516755,0.473910178321219,0.473497540296963,0.472992579409778,0.472380870011791,0.471646273509139,0.470771156747715,0.469736634087176,0.46852283064865,0.467109163716822,0.465474638773336,0.463598156160195,0.46145882394583,0.459036272220066,0.456310963803247,0.453264496242238,0.449879889999512,0.446141857932204,0.442037051508566,0.437554279713731,0.432684697239786,0.427421959312732,0.421762341349338,0.415704822522518,0.409251133203408,0.40240576709978,0.39517595968344,0.387571635158505,0.379605324739769,0.371292059366757,0.3626492401665,0.353696489999335,0.344455489291141,0.334949799095901,0.325204673975881,0.315246866870014,0.305104427683808,0.294806496915634,0.284383095270417,0.27386490993292,0.263283078001107,0.252668967528413,0.242053956694824,0.231469211813032,0.220945465160763,0.210512793988673,0.200200402454104,0.190036408639508,0.180047639194495,0.170259434457409,0.160695467135089,0.151377577722872,0.142325629813484,0.133557388264498,0.1250884228701,0.116932039723866,0.109099241883248,0.101598720279176,0.09443687508622,0.0876178670146127,0.0811436972402599,0.0750143139870771,0.0692277431485867,0.0637802398089797,0.0586664571177423,0.0538796286993787,0.0494117606462294,0.0452538291461698,0.0413959799296486,0.0378277259681015,0.0345381401997246,0.0315160404774203,0.0287501644042408,0.0262293322204128,0.0239425964105056,0.0218793771889063,0.0200295834786084,0.0183837194077222,0.0169329766988702,0.0156693136110503,0.0145855213073475,0.0136752786638211,0.0129331966065394,0.0123548530688584,0.0119368196053709,0.0116766805895818,0.0115730457675285
79,0.00890691099179703,0.00895433667409829,0.00914668046307525,0.00948561771145684,0.00997382832644677,0.0106149812191573,0.0114137123766964,0.0123755957468643,0.013507105953118,0.0148155717306708,0.0163091189032024,0.0179966017128187,0.0198875213816385,0.0219919309280222,0.0243203254881197,0.0268835177052949,0.0296924981437651,0.0327582811520015,0.0360917371349596,0.0397034127760143,0.0436033413585227,0.0478008459475644,0.0523043387749505,0.0571211206925753,0.062257184986851,0.0677170301472719,0.0735034863249529,0.0796175601775163,0.0860583025579263,0.0928227030596689,0.0999056147835849,0.107299711859885,0.11499548127253,0.122981249434475,0.131243242803809,0.139765680672595,0.148530897166281,0.15751948852533,0.166710480961104,0.176081513834161,0.185609032631148,0.195268486235736,0.205034523300577,0.214881183112826,0.224782077168571,0.234710558678837,0.244639878355789,0.25454332599858,0.264394358536504,0.27416671621773,0.283834529486861,0.293372419717763,0.302755597318863,0.311959960783918,0.320962200018754,0.329739906749896,0.338271694048402,0.346537326031291,0.354517857695672,0.362195783666947,0.369555193476079,0.376581929894534,0.383263745916428,0.389590455243764,0.395554070647563,0.401148924375458,0.406371764868397,0.411221824432084,0.415700853162759,0.419813115317395,0.423565345398739,0.426966662439992,0.430028442261721,0.432764148772149,0.435189126631544,0.437320358747724,0.439176193067214,0.440776043940702,0.442140073949451,0.443288862471372,0.444243067443326,0.445023086752915,0.445648725490211,0.446138874935997,0.446511208690566,0.446781900789767,0.446965370045669,0.447074054217355,0.447118216987757,0.44710579011353,0.447042252538723,0.446930547724779,0.446771039948385,0.446561509849288,0.446297189063234,0.445970833339534,0.445572833107408,0.445091360010676,0.444512547470436,0.443820702858105,0.44299854837037,0.442027487201932,0.440887891126162,0.439559405136784,0.438021264398073,0.43625261842093,0.434232857151685,0.431941933551339,0.429360677272628,0.426471094222206,0.423256647128913,0.419702512721819,0.415795811739449,0.411525808722053,0.406884079351828,0.401864643965811,0.396464066733049,0.39068152082086,0.384518820635389,0.377980422874182,0.371073398645229,0.363807379268333,0.356194478571699,0.348249194531005,0.339988292982591,0.331430675899093,0.322597236375892,0.313510702076892,0.304195468468802,0.294677422774974,0.284983759241158,0.275142786059074,0.265183724164281,0.255136498127715,0.245031519499475,0.234899463231858,0.224771038188191,0.21467675320706,0.204646680702801,0.194710220302594,0.184895865506006,0.175230976763549,0.165741564670256,0.156452087128769,0.14738526433383,0.138561915256481,0.130000818963504,0.121718603608104,0.113729665294324,0.106046118280763,0.0986777771856441,0.0916321710248035,0.0849145880971227,0.0785281499661779,0.0724739121060301,0.0667509882100988,0.0613566947244023,0.0562867118712655,0.0515352572797084,0.0470952683293237,0.0429585894339622,0.0391161607230844,0.035558204901531,0.0322744094598203,0.029254101843355,0.0264864156472284,0.0239604463626517,0.0216653956429428,0.0195907034663769,0.0177261679382918,0.0160620527874702,0.0145891828671519,0.0132990281671917,0.0121837769816188,0.0112363989579885,0.0104506987859027,0.00982136126750519,0.00934398845900556,0.00901512948610034,0.00883230352447835,0.00879401630625282,0.00889977037084706,0.00915006913097006,0.00954641467696282,0.0100912991017757,0.0107881889996448,0.0116415026793742,0.0126565795429013,0.0138396410161112,0.015197742385868,0.0167387148986993,0.0184710975156606,0.0204040577970122,0.0225473015109347,0.0249109707228519,0.027505530324912,0.0303416432060126,0.033430034536865,0.0367813459454014,0.0404059806767905,0.0443139411589757,0.0485146607168732,0.0530168314827838,0.0578282308231884,0.0629555488289424,0.0684042195839871,0.0741782590259267,0.0802801122318287,0.0867105128996785,0.0934683576494988,0.100550597542381,0.107952148919181,0.115665825306416,0.123682291741431,0.131990042451009,0.140575402397461,0.149422552803182,0.158513580396488,0.167828549802322,0.177345598240722,0.187041051497982,0.196889559998653,0.20686425372382,0.21693691468044,0.227078165612289,0.237257673637185,0.247444367479223,0.257606666921411,0.267712723019212,0.27773066747893,0.287628869412582,0.297376197434455,0.306942284772246,0.316297794741636,0.325414683596667,0.334266457442353,0.342828419606112,0.351077904636535,0.358994494956184,0.366560216160556,0.373759707044495,0.38058036066009,0.387012433069407,0.393049116946846,0.398686577797066,0.403923951266595,0.408763300815239,0.413209535848037,0.417270291257566,0.420955770156988,0.424278552364449,0.427253371900324,0.429896867355928,0.432227309466862,0.434264310564156,0.436028520776505,0.437541315919191,0.438824481937758,0.439899900591118,0.440789240777766,0.441513659551249,0.442093516460266,0.442548104407464,0.442895399771497,0.443151834098593,0.443332089259224,0.443448917594849,0.443512988256893,0.44353276066863,0.443514385819184,0.443461635921958,0.443375862828684,0.443255985472777,0.443098506507971,0.442897558195201,0.442644977457433,0.442330409854641,0.441941442017886,0.441463761813651,0.440881345183253,0.440176668217398,0.439330942588668,0.43832437198604,0.437136426691843,0.435746132933954,0.434132373159314,0.432274192936229,0.430151109830334,0.427743419339426,0.425032492839373,0.422001062505679,0.418633488345117,0.414916002802728,0.41083692889633,0.40638686845859,0.401558857812093,0.396348489034065,0.390753995846628,0.384776304054248,0.378419047299544,0.371688549681157,0.364593777436626,0.357146262410459,0.349360000383247,0.34125132752308,0.332838778238436,0.324142927575849,0.315186221039899,0.30599279434924,0.296588285218039,0.286999638807699,0.277254908069003,0.267383049826748,0.257413717178357,0.247377048607868,0.237303454170185,0.227223399180711,0.217167186044729,0.207164735162164,0.197245366221088,0.187437581615697,0.177768854155739,0.168265421637203,0.158952091182649,0.149852056501591,0.140986731340802,0.132375602372857,0.124036104599399,0.115983522023798,0.10823091588584,0.100789082167519,0.0936665393998766,0.0868695470579406,0.0804021540593964,0.0742662761191114,0.0684617999914749,0.0629867119878314,0.0578372476142523,0.0530080587562147,0.0484923945548599,0.0442822919801635,0.0403687721078515,0.0367420382406647,0.0333916722662049,0.0303068259940687,0.0274764046421701,0.0248892401222192,0.0225342522831787,0.0204005967859889,0.0184777987818399,0.0167558720314101,0.015225423518775,0.0138777439696917,0.0127048849718688,0.0116997236103213,0.0108560156728308,0.0101684385505378,0.00963262496076335,0.00924518855917319,0.00900374239371639,0.00890691099179703
80,0.00670823106265894,0.00675115540537679,0.00692808711838813,0.00724067191653161,0.00769154564400277,0.00828431958124077,0.00902355958948228,0.00991475825872777,0.0109642990479262,0.0121794112754262,0.0135681147432534,0.0151391527698935,0.0169019124712046,0.0188663312743877,0.0210427888798804,0.0234419842019637,0.0260747972185186,0.0289521361372572,0.0320847708286535,0.0354831540684123,0.0391572327532357,0.0431162518766597,0.047368554646525,0.0519213826589627,0.0567806804810295,0.0619509093014027,0.0674348744548881,0.0732335715864449,0.0793460559764416,0.0857693390935653,0.092498315779789,0.0995257246206984,0.10684214304512,0.114436017573765,0.122293728451331,0.130399686711882,0.13873646060891,0.147284927354416,0.156024445315852,0.164933041266181,0.173987607007522,0.183164099712533,0.192437740650772,0.201783207570733,0.211174816854591,0.220586692597522,0.229992920919647,0.239367689020628,0.248685409655753,0.257920832771599,0.267049146919683,0.276046073711114,0.284887958942678,0.293551864092457,0.302015661647605,0.310258137204932,0.318259100510967,0.325999506632695,0.333461587335768,0.340628991564536,0.347486932742149,0.354022339512675,0.360224005598508,0.366082733703906,0.371591467904638,0.376745408754952,0.381542105429649,0.385981519597438,0.390066056371551,0.393800558569927,0.397192261592764,0.400250707433616,0.402987617620121,0.405416726168916,0.407553574876128,0.40941527439572,0.411020235537447,0.412387876010022,0.413538308421233,0.414492015716022,0.415269520388926,0.415891053762687,0.416376231403203,0.416743740371856,0.417011043532992,0.417194105571643,0.417307144767918,0.417362413949602,0.417370013428204,0.417337738134114,0.417270960615116,0.417172551053632,0.417042834989939,0.416879589004307,0.416678074199924,0.416431106928189,0.416129165795911,0.415760533579519,0.415311472237155,0.414766428752863,0.414108269070935,0.41331853689154,0.412377733615624,0.411265615267056,0.409961501806243,0.408444593907074,0.406694292023003,0.404690512441355,0.402413995036009,0.399846597589887,0.39697157187467,0.39377381714168,0.390240107281438,0.386359288627847,0.38212244618606,0.377523036914801,0.372556989553924,0.367222771315224,0.361521422508796,0.355456560823453,0.349034357488845,0.342263487899617,0.335155059468568,0.32772251949837,0.319981545732662,0.311949921990201,0.303647400931796,0.295095555596434,0.286317620911767,0.27733832597623,0.268183717564865,0.258880975061679,0.249458216893587,0.239944298550318,0.23036860242506,0.220760819995045,0.211150727261006,0.201567954851131,0.19204175473272,0.182600766021752,0.17327278289371,0.164084528036075,0.155061435405989,0.146227446235003,0.137604822235355,0.1292139797984,0.121073348637102,0.113199257823412,0.105605851531037,0.0983050360459786,0.0913064587889317,0.084617519246158,0.0782434108702305,0.0721871922283546,0.0664498849783088,0.061030595668464,0.0559266579088545,0.0511337911564925,0.0466462722030021,0.0424571154412573,0.0385582581081884,0.0349407469358859,0.0315949229713617,0.0285106017232955,0.0256772462376705,0.0230841311699612,0.020720496387975,0.0185756890878148,0.0166392938202908,0.0149012501946225,0.0133519583421756,0.0119823724804343,0.0107840831146091,0.0097493885520198,0.00887135648557861,0.00814387643183931,0.0075617037918086,0.00712049624542723,0.00681684310008158,0.00664828809660686,0.0066133460398516,0.00671151347167881,0.00694327344875832,0.00731009433187832,0.0078144223437789,0.00845966751445344,0.00925018251205358,0.0101912337593188,0.011288964164945,0.0125503467612697,0.0139831285384299,0.01559576380443,0.0173973364832488,0.0193974708909968,0.0216062307036821,0.024034006048138,0.0266913889070456,0.0295890373245066,0.0327375292228277,0.0361472069843246,0.0398280143021431,0.0437893271476584,0.0480397810239107,0.0525870969591943,0.057437908926958,0.0625975955435333,0.0680701189820839,0.0738578740410755,0.0799615502142349,0.0863800094269177,0.093110181836783,0.100146981755481,0.107483245348171,0.115109691328244,0.123014905407276,0.131185348807435,0.139605390717047,0.148257364188838,0.157121644659636,0.166176750019682,0.17539946098274,0.184764960402112,0.194246990133388,0.203818024048201,0.21344945583607,0.223111800273236,0.232774906667314,0.242408183185293,0.251980830724029,0.261462084875761,0.270821464371382,0.280029024152815,0.289055610941308,0.297873118845356,0.306454742210573,0.314775222577936,0.322811086313209,0.330540869225507,0.337945324332613,0.345007608876677,0.351713446763452,0.358051262802109,0.36401228546429,0.369590615356381,0.374783257196072,0.379590113784375,0.384013941242288,0.388060265607857,0.391737261732,0.395055596236806,0.398028237075733,0.400670232931743,0.402998466281961,0.405031384426642,0.406788713113786,0.408291157583146,0.409560095906412,0.410617269422476,0.411484474871871,0.412183262541489,0.412734644361375,0.413158815473334,0.413474892340155,0.413700670007013,0.413852400683444,0.413944595401971,0.413989850140868,0.413998697481712,0.41397948461082,0.413938278266009,0.413878797070763,0.413802371577351,0.41370793224633,0.413592025507361,0.4134488579598,0.413270368665042,0.413046329341521,0.412764472084912,0.412410643991218,0.411968987753852,0.411422146937334,0.410751494205055,0.409937380307342,0.408959401135172,0.407796679635261,0.40642815888895,0.404832902207944,0.402990395722963,0.400880848664437,0.398485486382018,0.395786831141635,0.392768965887884,0.389417776470436,0.385721168301273,0.381669254020844,0.377254509482368,0.372471896183077,0.367318949141431,0.361795830098414,0.355905346765906,0.349652939614423,0.343046638349476,0.336096990740987,0.328816966823621,0.321221841668328,0.313329059939432,0.305158085310749,0.296730237542612,0.288068519651216,0.279197437170636,0.270142811056896,0.26093158535337,0.251591630365047,0.24215154180732,0.232640436226486,0.223087742947715,0.213522992895022,0.20397560483934,0.194474669947629,0.185048735902294,0.17572559230332,0.166532059518958,0.157493783576138,0.148635040042145,0.139978550111088,0.131545312245349,0.123354452714101,0.115423098208408,0.107766273395061,0.100396825809061,0.0933253798961978,0.086560321329078,0.0801078119647151,0.0739718350253983,0.0681542693046241,0.0626549904627216,0.057471996815636,0.0526015564631796,0.0480383721713909,0.0437757601314063,0.0398058385705765,0.0361197221888417,0.0327077185259609,0.029559522618414,0.0266644066592201,0.0240114018069348,0.0215894697772953,0.0193876623676958,0.0173952675872142,0.0156019415716396,0.0139978259351172,0.0125736506322804,0.0113208227654212,0.0102315020624183,0.00929866396842119,0.00851615143656802,0.00787871657202657,0.00738205328351036,0.00702282203319503,0.00679866765715286,0.00670823106265894
81,0.00491808783558147,0.00495705793235667,0.00512008489288344,0.00540878255478149,0.00582573898376684,0.0063745025194642,0.00705956184405503,0.00788631922169292,0.00886105587636654,0.00999088834233703,0.0112837145446253,0.012748148356776,0.0143934414476216,0.0162293913747122,0.0182662351138659,0.0205145275333839,0.0229850047256644,0.0256884325917469,0.0286354416243903,0.0318363494361456,0.0353009732087986,0.0390384348729016,0.0430569624300093,0.0473636913718424,0.0519644705946151,0.056863677518595,0.0620640472710017,0.0675665207485771,0.0733701161266372,0.0794718279166162,0.0858665569986884,0.0925470741880309,0.0995040188641788,0.106725933047017,0.114199330095295,0.121908795997093,0.129837120083343,0.137965450991804,0.146273472901142,0.154739596494219,0.163341158833865,0.172054626363063,0.180855795575478,0.189719986521892,0.198622225185076,0.207537411814361,0.216440473493344,0.225306500442765,0.234110866755615,0.24282933734527,0.251438163789815,0.259914172419152,0.268234848374232,0.276378419446992,0.284323943282153,0.292051401004693,0.299541799564532,0.306777284113731,0.31374126061429,0.320418527687961,0.326795415538074,0.332859928671145,0.338601888191186,0.344013068690847,0.349087324266469,0.353820697969164,0.35821150908443,0.362260413004807,0.365970429103041,0.369346932891812,0.372397609822729,0.375132369275203,0.377563218553356,0.379704097983141,0.381570679421968,0.383180131605177,0.384550856712398,0.385702203308493,0.386654161376881,0.387427045509315,0.388041172449468,0.388516539122944,0.38887250704752,0.389127498634961,0.389298710404049,0.389401847558688,0.389450883779198,0.389457849459022,0.389432651017893,0.389382923353736,0.389313916970188,0.389228420837943,0.389126721613545,0.389006599440437,0.38886336018222,0.3886899035734,0.388476826404558,0.388212559474934,0.387883536637596,0.387474393827025,0.38696819549856,0.386346685432071,0.385590558373056,0.384679748522673,0.383593730467777,0.382311827788531,0.38081352432064,0.379078772905632,0.377088296455293,0.374823876298925,0.372268623079698,0.369407225915607,0.366226176128433,0.362713962548584,0.358861236194748,0.354660942968502,0.350108423854939,0.345201482939229,0.339940424295461,0.334328059442169,0.328369687559528,0.322073051006368,0.315448268851346,0.30850775114369,0.301266096507916,0.293739975377048,0.285948000812194,0.277910588430978,0.269649806525339,0.261189217032672,0.252553707673106,0.243769315313849,0.234863040495066,0.225862653066456,0.216796489043946,0.20769323909438,0.198581729473788,0.18949069675297,0.180448558225578,0.171483180466523,0.162621649047669,0.153890042880169,0.145313216999262,0.136914597806185,0.128715994810773,0.12073743276636,0.112997007756642,0.10551077029475,0.0982926378513631,0.0913543384730168,0.0847053863225519,0.0783530891125764,0.0723025865525596,0.0665569181309714,0.061117117841262,0.0559823328633152,0.0511499627509925,0.0466158153635506,0.0423742756172085,0.0384184831180446,0.0347405148566261,0.0313315693806262,0.0281821491924853,0.0252822385209399,0.0226214740633619,0.0201893067664552,0.0179751531840877,0.0159685354038437,0.0141592089526267,0.0125372784643665,0.0110933012112683,0.00981837885922674,0.0087042380062488,0.00774330020079128,0.00692874221777567,0.00625454739819452,0.00571554883930789,0.00530746516279107,0.00502692949454531,0.00487151216907664,0.00483973753019167,0.0049310950449285,0.00514604478563816,0.00548601717227971,0.00595340670946692,0.00655155930664732,0.00728475264093805,0.00815816891640291,0.00917785929655027,0.0103506992439288,0.0116843339968152,0.0131871134524046,0.0148680158120133,0.0167365594787555,0.0188027028825843,0.0210767321402615,0.0235691367353169,0.0262904737195412,0.0292512212846288,0.0324616229193009,0.0359315237402841,0.0396702009495914,0.043686190709004,0.0479871140182891,0.0525795044197431,0.0574686405129925,0.0626583863381689,0.068151042664054,0.0739472120967782,0.0800456807058589,0.0864433185551923,0.0931350011401223,0.100113553285928,0.107369716579869,0.114892140912721,0.122667400221401,0.130680032075696,0.138912600359718,0.147345779978471,0.15595846228142,0.164727879741098,0.173629748351258,0.182638426205001,0.191727086762031,0.200867905395065,0.210032257895377,0.21919092969341,0.228314334590907,0.237372741788784,0.246336509917696,0.255176326630532,0.263863452099345,0.272369964482215,0.280669005103584,0.288735020745574,0.296544000102689,0.30407370113558,0.311303865799042,0.318216418441325,0.324795644099177,0.331028342963537,0.336903957475848,0.342414668838514,0.347555460181506,0.352324144208703,0.35672135383387,0.360750495082046,0.364417662348224,0.367731516938817,0.370703130638966,0.373345796817609,0.37567481227239,0.377707233602688,0.379461612361594,0.380957713563869,0.38221622231117,0.383258443339736,0.384105998207951,0.384780524635705,0.385303382203748,0.38569536824124,0.385976447297915,0.386165497137944,0.386280073729068,0.386336197253721,0.386348160755975,0.38632836267243,0.386287164184986,0.386232772082224,0.386171147622503,0.386105941750079,0.3860384569155,0.385967635680515,0.385890076230189,0.385800074854619,0.385689695382745,0.385548865435865,0.385365499205171,0.385125646235769,0.384813665413489,0.384412422999356,0.383903513144535,0.383267498856351,0.3824841708894,0.381532821526048,0.380392529712581,0.37904245355912,0.377462125821857,0.375631747693561,0.373532476057974,0.371146699336026,0.368458297180596,0.365452879567141,0.362118001276295,0.358443348357771,0.354420893880011,0.350045021075689,0.345312612851792,0.34022310750273,0.334778521302328,0.328983439414012,0.322844977210752,0.31637271460748,0.30957860635821,0.30247687144861,0.295083864724231,0.287417933748811,0.279499263609744,0.271349712011487,0.262992636560531,0.25445271568906,0.245755764229713,0.23692854427905,0.22799857170456,0.218993918483334,0.209943011023842,0.200874424719249,0.191816675203709,0.182798007114759,0.173846181578878,0.16498826410046,0.156250415009376,0.147657685069925,0.139233819236167,0.13100107182128,0.122980036503402,0.115189494597538,0.107646284871691,0.100365197875069,0.0933588972863951,0.0866378701998881,0.0802104075723559,0.0740826152898556,0.0682584555135419,0.06273981716991,0.0575266136979776,0.0526169054891703,0.0480070438836269,0.0436918331415665,0.0396647065047663,0.035917912307644,0.0324427060884986,0.0292295447805287,0.0262682793145067,0.0235483423207276,0.0210589280540784,0.0187891621579155,0.016728259404754,0.0148656680803685,0.0131912001907305,0.0116951471490954,0.0103683810278505,0.00920244182453838,0.00818961148569046,0.00732297565129668,0.00659647422577678,0.00600494195000679,0.00554414014750457,0.00521078075248231,0.00500254360578976,0.00491808783558147
82,0.00348360284892517,0.00351912684859492,0.00366968604496673,0.00393686073495374,0.00432318814801973,0.00483214910114419,0.00546814883096149,0.00623649113981134,0.00714334481026641,0.00819570110756514,0.00940132111156429,0.0107686716089121,0.0123068483405808,0.0140254855464689,0.0159346509819917,0.0180447259029401,0.0203662699222453,0.0229098711291369,0.0256859824161205,0.0287047455655921,0.0319758052837844,0.0355081160081649,0.0393097449240969,0.0433876751732098,0.047747613683721,0.0523938083667622,0.0573288795705326,0.0625536706393977,0.0680671221696677,0.0738661740801232,0.079945698928166,0.0862984690201342,0.0929151588189224,0.0997843829886767,0.10689276919095,0.114225063523331,0.121764265338216,0.129491787163511,0.137387634630918,0.1454306007529,0.153598468614336,0.161868216579192,0.170216220456644,0.17861844770513,0.187050639637276,0.195488478667538,0.203907738847967,0.212284419188087,0.220594860471385,0.22881584738485,0.236924698698853,0.24489934891424,0.252718425190068,0.260361323455912,0.267808287394169,0.275040493467115,0.282040144395951,0.288790572525763,0.295276353394682,0.301483428639022,0.30739923618389,0.313012844564585,0.318315087266405,0.323298692217917,0.327958401070911,0.332291072679547,0.336295765264738,0.339973792113609,0.343328746297305,0.346366490757857,0.349095111168549,0.351524830155349,0.353667882717793,0.355538353942991,0.357151981306081,0.358525924940314,0.359678510195442,0.360628947550733,0.361397035488165,0.362002852254517,0.362466442552924,0.362807505120882,0.363045086897468,0.363197289088927,0.363280989943855,0.363311588482759,0.363302772826044,0.363266316159626,0.363211902792934,0.363146986217449,0.363076680575428,0.363003686500693,0.362928251892542,0.362848167820679,0.362758799420419,0.362653151308329,0.362521966713796,0.362353859168882,0.362135475217679,0.361851686193077,0.361485806665109,0.36101983669897,0.36043472458689,0.359710646256173,0.358827297129925,0.357764191853817,0.356500967028377,0.355017681926557,0.353295112151233,0.351315031311048,0.349060476071798,0.346515990371611,0.34366784515888,0.34050423070071,0.337015419286486,0.3331938969797,0.329034463910598,0.324534303410659,0.319693021026387,0.314512655078363,0.308997660922293,0.303154871401904,0.296993436149083,0.290524742386722,0.28376231973722,0.276721731258141,0.269420452548523,0.261877740333341,0.254114491482176,0.246153092993986,0.238017263123322,0.229731883569036,0.221322822520807,0.212816748377965,0.204240934123532,0.195623052646914,0.186990963742016,0.178372494034558,0.16979521167537,0.161286198232389,0.152871820777502,0.144577507650903,0.136427531755102,0.128444805450311,0.120650691169576,0.113064831733944,0.105705004025558,0.098586999182304,0.0917245318347174,0.0851291801467929,0.0788103575859877,0.0727753164768163,0.0670291825303578,0.0615750187299391,0.0564139162276137,0.0515451092964523,0.0469661109114525,0.0426728652095054,0.0386599129097985,0.0349205657553992,0.0314470861524437,0.0282308684174147,0.025262618373517,0.0225325284397767,0.0200304458062975,0.0177460317618768,0.0156689107138161,0.0137888078949531,0.0120956751739337,0.0105798047594538,0.00923193090925847,0.00804332001523633,0.00700584963516875,0.00611207718043909,0.00535529905016209,0.00472960103024405,0.00422990075638957,0.00385198297928816,0.0035925282747522,0.00344913571818736,0.00342033989817268,0.00350562248473703,0.00370541840063334,0.0040211164749352,0.00445505429393301,0.00501050681089562,0.00569166814006502,0.00650362584753235,0.0074523269685552,0.00854453493336034,0.00978777657705855,0.0111902784488391,0.0127608917249947,0.0145090051720942,0.0164444458015943,0.0185773671040676,0.020918125046293,0.0234771423512288,0.0262647619500668,0.0292910908849714,0.0325658363360002,0.0360981358291985,0.0398963840366394,0.0439680588844974,0.0483195499239629,0.0529559920757379,0.0578811079190118,0.0630970616516039,0.0686043276962012,0.0744015766712043,0.0804855810928544,0.08685114274335,0.0934910431482081,0.100396018079864,0.107554756470478,0.114953923602566,0.122578207977151,0.130410390857585,0.138431437169503,0.146620606213167,0.15495558051559,0.163412611110647,0.171966677572748,0.180591661224714,0.189260530069847,0.197945534136471,0.206618410044836,0.21525059368817,0.223813439942775,0.232278448273463,0.240617492974244,0.248803056581634,0.256808464728246,0.264608120383591,0.272177735078794,0.279494554358275,0.286537574372702,0.293287746252204,0.29972816470427,0.305844237190211,0.311623830066236,0.317057388241606,0.322138025211704,0.326861580764683,0.331226644225253,0.335234541769946,0.338889287099851,0.342197495560044,0.345168262616991,0.347813008412518,0.350145290872402,0.35218059052929,0.353936070797671,0.355430317893172,0.356683064906442,0.357714904717631,0.358546996472399,0.359200770243156,0.359697634284159,0.360058688975651,0.360304451163074,0.360454592157323,0.36052769219582,0.360541013695837,0.360510295182261,0.360449567359706,0.360370992436909,0.360284727508478,0.360198812558578,0.360119083471767,0.360049110311788,0.35999016104938,0.359941190871794,0.359898857173682,0.359857560294335,0.359809510012501,0.359744817720964,0.359651614064588,0.359516191626827,0.359323171984227,0.359055696114628,0.358695636746958,0.358223830788327,0.35762032947365,0.356864663374722,0.355936118905095,0.354814022491945,0.353478028186053,0.351908404174494,0.35008631347374,0.347994084034723,0.345615463600446,0.342935854927195,0.339942527409159,0.336624801720515,0.332974204786324,0.328984593183359,0.324652243916505,0.319975912374067,0.314956858092561,0.309598839716533,0.303908081184078,0.297893211673758,0.291565182192676,0.284937161858773,0.2780244169348,0.270844175520353,0.263415480525713,0.255759033169426,0.247897028799218,0.239852986374533,0.23165157251048,0.223318420605707,0.214879945293487,0.206363152290351,0.197795443684594,0.18920441881156,0.180617671096411,0.172062581590653,0.163566110359353,0.155154587358254,0.146853504935823,0.138687314564685,0.130679230811064,0.122851045854516,0.11522295804439,0.107813418003189,0.100638995648885,0.0937142712073534,0.0870517528314411,0.0806618228537082,0.0745527140025551,0.0687305161396285,0.0631992132675778,0.0579607497504458,0.0530151239223827,0.0483605065689046,0.0439933811782795,0.0399087024017696,0.0361000688455295,0.0325599061509594,0.0292796563031524,0.0262499692302616,0.0234608930053208,0.0209020593164292,0.0185628613079776,0.0164326213895416,0.0145007471346605,0.0127568739243601,0.0111909935075044,0.00979356813235807,0.00855563033514505,0.00746886883975108,0.0065257013197864,0.00571933499544335,0.00504381618181221,0.00449406997435839,0.00406593125541318,0.00375616813906481,0.00356249884853851,0.00348360284892517
83,0.00235751961677557,0.00239006554329728,0.00252952224912439,0.00277743534935562,0.00313628876038968,0.00360949182544582,0.00420136074038856,0.00491709341218288,0.00576273669964058,0.00674514485065222,0.00787192787214913,0.00915138855820841,0.0105924469664923,0.0122045512804239,0.0139975742286872,0.0159816945563559,0.0181672634510568,0.0205646563165566,0.0231841108435623,0.0260355529366282,0.0291284126947439,0.0324714332842886,0.0360724761550492,0.0399383265982794,0.0440745040942105,0.0484850822095483,0.0531725229509463,0.0581375304315599,0.0633789284462443,0.0688935660691249,0.0746762546900783,0.0807197390127898,0.0870147034790691,0.0935498144076921,0.100311796897898,0.10728554431258,0.114454256992919,0.121799605832938,0.129301915521889,0.136940361696934,0.144693175976113,0.152537852882118,0.160451353021002,0.168410297526182,0.176391149677155,0.184370380697116,0.192324617954162,0.200230775058281,0.208066164579478,0.21580859523213,0.223436456306192,0.230928792818916,0.238265375269427,0.245426767979874,0.252394399798135,0.259150640434994,0.26567888494891,0.271963647924879,0.277990667784002,0.283747020478463,0.289221240647829,0.294403447210399,0.299285469406099,0.303860968553538,0.308125550278764,0.312076861747147,0.315714668495814,0.319040905817985,0.322059700271769,0.324777357738949,0.327202315496105,0.329345056924664,0.331217988716205,0.332835281661938,0.334212677290686,0.3353672636845,0.336317224710787,0.337081567632115,0.337679834569452,0.33813180359478,0.33845718532034,0.338675320750741,0.3388048858965,0.338863608245021,0.338867999683285,0.338833109901623,0.338772303714534,0.33869706514246,0.33861683053232,0.338538852471252,0.33846809577712,0.338407166432816,0.338356273964427,0.338313227435556,0.338273464927452,0.338230116080669,0.338174096972906,0.338094236285064,0.337977431353551,0.337808832315868,0.337572052130321,0.337249399796648,0.336822133637048,0.336270731036442,0.335575170611303,0.334715222404908,0.333670741421022,0.332421959633238,0.33094977156489,0.329236008639678,0.327263697762816,0.325017300004506,0.322482925809895,0.319648523831076,0.316504041237317,0.313041554173409,0.309255367861754,0.305142086639627,0.300700654947797,0.295932370903918,0.290840874574081,0.285432113378338,0.27971428722093,0.273697775925374,0.26739505139148,0.260820576599545,0.253990693199023,0.246923498973774,0.239638716016431,0.232157550013643,0.22450254068271,0.216697403143417,0.208766859883478,0.200736462998453,0.192632406562053,0.184481329303045,0.176310108211569,0.168145644240855,0.160014641872206,0.151943384928033,0.143957511603476,0.136081792196476,0.128339913408083,0.120754273325427,0.113345791265371,0.106133736534644,0.0991355798523274,0.0923668706947612,0.0858411431845269,0.0795698523866851,0.0735623420361102,0.0678258438428579,0.0623655076520162,0.0571844609123725,0.0522838951716016,0.0476631766948763,0.0433199778207699,0.0392504253359933,0.0354492619726916,0.0319100171040233,0.0286251828235135,0.0255863918232356,0.0227845938131572,0.0202102276244823,0.0178533865883686,0.0157039752536206,0.0137518559805354,0.0119869844035958,0.0103995331772713,0.00898000379464975,0.00771932658957285,0.00660894929446249,0.00564091472627473,0.00480792831277997,0.00410341625347,0.00352157513822395,0.00305741382785828,0.002706788339961,0.00246643038742685,0.00233397009246053,0.00230795325209673,0.00238785336902734,0.00257407849019533,0.0028679727216571,0.00327181211809028,0.00378879448557667,0.00442302249354116,0.0051794793726788,0.00606399638703396,0.00708321121662343,0.00824451637825234,0.00955599685189085,0.0110263561725525,0.0126648303959551,0.0144810895513624,0.0164851264555589,0.0186871330738459,0.0210973649701656,0.0237259947787312,0.0265829560405017,0.0296777791632965,0.033019421665871,0.0366160952339046,0.0404750924293303,0.0446026161342818,0.0490036149600021,0.0536816278958486,0.0586386414054856,0.0638749619939707,0.0693891069748788,0.0751777157719375,0.0812354836124806,0.0875551189336346,0.0941273252539347,0.100940807692787,0.107982303777643,0.115236637691585,0.122686796705472,0.130314028225888,0.138097955682171,0.146016711373819,0.154047084396036,0.162164681841157,0.170344101615508,0.178559115389325,0.186782860383538,0.194988038863997,0.203147124335931,0.211232573489064,0.219217042922769,0.227073609574855,0.234775993588558,0.242298782089786,0.249617652027096,0.256709589873142,0.263553105624829,0.270128438199722,0.276417749037415,0.282405300504588,0.288077615595241,0.293423615432073,0.298434731223287,0.303104987616077,0.307431054810651,0.311412267345718,0.31505060811993,0.318350656949175,0.321319503747573,0.323966627228089,0.326303740813017,0.328344608192432,0.330104831639508,0.331601616759749,0.332853517796289,0.333880167922424,0.334701999119395,0.335339956263555,0.335815209941065,0.336148872284498,0.336361719803976,0.336473926788664,0.336504812407635,0.336472604167768,0.336394219914695,0.336285070112559,0.336158881727812,0.336027544685087,0.33590098156813,0.335787041009516,0.335691415047766,0.335617580623318,0.335566765325015,0.335537937472482,0.335527820610619,0.33553093248267,0.335539648520094,0.33554428982364,0.335533235496065,0.335493059011141,0.335408688058942,0.335263586991769,0.335039960612088,0.33471897760307,0.334281011419166,0.333705895949225,0.332973192763215,0.332062466283656,0.330953562814193,0.329626889039165,0.328063685406276,0.326246289741013,0.324158386531647,0.321785237574132,0.319113890074782,0.316133358862828,0.312834780043127,0.309211534191155,0.305259338020594,0.300976304296931,0.29636297058492,0.291422298161642,0.286159643062492,0.28058270172425,0.274701434026287,0.268527966697882,0.262076480058202,0.255363080898918,0.248405664031611,0.241223764635352,0.23383840309296,0.226271923539164,0.21854782690233,0.210690598842375,0.202725532704072,0.194678547442032,0.186576000445985,0.17844449530671,0.170310684806811,0.162201069779033,0.154141794921212,0.146158443157385,0.138275830650471,0.130517805062753,0.122907050086344,0.115464899590962,0.108211164930706,0.101163978993289,0.0943396604524186,0.0877526013948101,0.0814151810466838,0.075337707738939,0.0695283905526954,0.0639933413110726,0.0587366067668644,0.0537602300187875,0.0490643394100949,0.0446472624582301,0.0405056617633456,0.0366346893705798,0.0330281557317884,0.0296787092344867,0.0265780222383943,0.0237169796749392,0.0210858665076628,0.0186745507017818,0.0164726587857974,0.0144697415815403,0.0126554282055783,0.0110195669795374,0.00955235240681609,0.00824443785853772,0.00708703404613887,0.00607199372934005,0.00519188340793763,0.00444004296922659,0.00381063440868691,0.00329868081164813,0.00290009678229826,0.00261171143997663,0.00243128497904658,0.00235751961677557
84,0.00149780469450411,0.00152780008658935,0.00165744744793225,0.00188825703140095,0.0022226574597183,0.00266398317661621,0.00321645629045782,0.00388516194512724,0.00467601617127494,0.00559572503648903,0.00665173383592144,0.00785216505490986,0.00920574390066711,0.0107217103479626,0.0124097168784376,0.0142797114163163,0.0163418053726644,0.0186061271994704,0.0210826624122265,0.0237810816485761,0.0267105589688206,0.0298795832443777,0.033295766091032,0.0369656503502439,0.0408945235676407,0.0450862412275045,0.0495430646431276,0.0542655183486049,0.0592522715696544,0.0645000478618558,0.0700035662993886,0.0757555166948912,0.0817465702643714,0.0879654259663067,0.0943988914983466,0.101031996693612,0.107848135890691,0.114829234825608,0.121955936773238,0.129207802102393,0.13656351514088,0.144001092294157,0.151498085723445,0.159031777545569,0.166579360426997,0.174118101551204,0.181625488170883,0.189079354236087,0.196457988834047,0.203740228307461,0.210905534864417,0.217934065196735,0.224806733042617,0.231505269741319,0.238012286629236,0.244311342635374,0.250387019684848,0.256225007562882,0.261812198791649,0.267136792899477,0.27218840829073,0.276958198828458,0.281438971288384,0.285625299089983,0.289513627203583,0.293102362901335,0.296391947077643,0.299384901207111,0.302085845614489,0.304501485566254,0.306640562709766,0.30851377052706,0.31013363367506,0.311514352289934,0.31267161348113,0.313622373277383,0.314384613169043,0.314977076086554,0.31541898714443,0.315729764757623,0.315928727808869,0.316034804428849,0.316066247671831,0.316040362960319,0.31597325166898,0.315879574657218,0.315772338975613,0.315662710394142,0.315559853853554,0.315470803442199,0.315400363057837,0.31535103852872,0.31532300163498,0.315314086178482,0.315319815982085,0.315333464439949,0.315346144972446,0.31534693144709,0.315323007299728,0.315259841722176,0.315141390874295,0.314950321637585,0.314668254967948,0.314276025447343,0.313753953202367,0.313082123979689,0.3122406728718,0.311210066997922,0.309971382386196,0.308506570390312,0.306798709214183,0.304832236510568,0.302593159552393,0.300069240127932,0.297250152053667,0.294127609995265,0.290695469097136,0.286949795702101,0.282888910153879,0.278513403279611,0.273826128617778,0.268832172768014,0.263538806383637,0.257955418306945,0.25209343517458,0.245966228519345,0.239589010998319,0.232978722924266,0.226153909810909,0.219134591206372,0.211942120723696,0.204599036918372,0.197128904537253,0.189556145687793,0.181905860656508,0.174203638433515,0.166475357457163,0.158746977649434,0.151044325430776,0.143392874038421,0.135817522078154,0.128342373770274,0.12099052476406,0.113783857657033,0.106742851440803,0.0998864089910641,0.0932317064244854,0.0867940676714255,0.0805868669833864,0.0746214613403685,0.0689071538851711,0.0634511886326998,0.0582587758269776,0.0533331464892832,0.0486756339553903,0.0442857795692002,0.0401614592066669,0.0362990269612424,0.0326934721343337,0.0293385856370705,0.026227132011181,0.0233510234990872,0.0207014929144335,0.0182692624595871,0.0160447060810011,0.0140180034222458,0.0121792839055801,0.0105187599266895,0.00902684856768191,0.00769428160841806,0.00651220393728141,0.00547226072459836,0.00456667392318572,0.00378830880162284,0.00313073129952256,0.00258825702454791,0.00215599269345221,0.00182987075993653,0.001606677876877,0.00148407771588452,0.00146062851964691,0.00153579559847942,0.00170995880838594,0.00198441487017524,0.00236137421436967,0.00284395187154712,0.00343615177932996,0.00414284375259763,0.00496973226985151,0.00592331617308535,0.00701083836773427,0.0082402246492939,0.0096200108789081,0.0111592578848875,0.0128674536819449,0.0147544028735148,0.0168301034304804,0.0191046114142565,0.0215878946223045,0.0242896765652575,0.0272192726193078,0.0303854206153824,0.0337961085063963,0.0374584020737617,0.0413782758736462,0.0455604507641464,0.0500082413826578,0.0547234168498347,0.0597060777609002,0.0649545521921275,0.0704653130130811,0.0762329182735643,0.0822499758540766,0.0885071329600325,0.0949930904354106,0.101694641302946,0.10859673243491,0.115682547845296,0.122933611788286,0.130329909658116,0.137850024611872,0.145471287870114,0.15316994077328,0.160921306860714,0.168699972465485,0.176479974551605,0.1842349947311,0.191938558559807,0.199564239301584,0.207085865356064,0.214477730458917,0.221714805587504,0.228772951249131,0.235629128511032,0.242261606774357,0.248650165926151,0.254776290153757,0.260623350405077,0.266176772254021,0.271424185807723,0.276355554289778,0.280963278064444,0.285242271135349,0.289190007556083,0.292806535718218,0.296094459117105,0.299058882912921,0.30170732637484,0.304049602087701,0.306097663579527,0.307865423761869,0.30936854723291,0.310624220049616,0.311650901009649,0.312468058782887,0.313095899390095,0.313555088543821,0.313866473252484,0.31405080685732,0.314128481343152,0.31411927036104,0.314042085949162,0.313914751463353,0.313753792755448,0.313574249187768,0.313389505664581,0.313211146509751,0.313048831733413,0.312910196012616,0.31280077056017,0.312723927965766,0.31268085005304,0.312670518791479,0.31268973031589,0.312733132120578,0.312793283491688,0.312860739201949,0.312924156401962,0.312970424488951,0.312984817510077,0.312951168360155,0.312852063666198,0.312669057822776,0.312382904167727,0.311973800787851,0.311421647943774,0.310706313630492,0.309807903374738,0.308707030041849,0.307385079209733,0.305824465588374,0.304008876035478,0.301923494949938,0.299555208212992,0.296892782380473,0.293927016487381,0.290650864578168,0.287059527885868,0.283150516409283,0.278923680436524,0.274381213293468,0.269527627219392,0.264369704758564,0.258916428384622,0.253178891233858,0.247170191815484,0.240905315404632,0.234401004530866,0.227675620583752,0.220748998106248,0.213642292878206,0.206377824448405,0.198978913393326,0.191469713297774,0.183875037291585,0.176220178953264,0.168530727509731,0.160832377514522,0.153150733557278,0.145511111018427,0.137938334400571,0.130456535303169,0.123088952618659,0.115857737975785,0.108783769802691,0.101886479597697,0.0951836940568787,0.0886914966018329,0.0824241115759671,0.07639381394155,0.0706108667308886,0.0650834878102514,0.0598178467382287,0.0548180916792583,0.0500864055081272,0.045623089451813,0.0414266718974135,0.037494039380314,0.033820586279556,0.0304003794040639,0.0272263334621011,0.0242903933668418,0.0215837194354188,0.019096871772718,0.0168199904748001,0.0147429687166555,0.0128556162795101,0.0111478115980263,0.00960964094230545,0.00823152387049098,0.0070043245748496,0.00591944918093533,0.00496892943316771,0.00414549350223926,0.00344262487537953,0.00285461043832436,0.0023765789296217,0.00200453094796541,0.00173536162795188,0.00156687697692941,0.00149780469450411
85,0.000867268275442148,0.00089510055845976,0.00101616001060047,0.00123192123454019,0.00154475598429758,0.00195792079332491,0.00247553905712401,0.00310257671459013,0.00384481049297816,0.00470878754909581,0.00570177526424673,0.00683169994205979,0.00810707322502581,0.00953690519405851,0.0111306033501657,0.0128978569998745,0.0148485069742217,0.0169924010983627,0.0193392363837133,0.021898389520248,0.0246787378810084,0.0276884738867963,0.0309349161848676,0.0344243216364585,0.0381617025480011,0.0421506538843736,0.0463931953371209,0.0508896330596482,0.0556384456067755,0.0606361981203562,0.0658774880912597,0.0713549251200444,0.0770591460273134,0.0829788654763898,0.0891009610229731,0.0954105902642543,0.101891336592899,0.108525379037912,0.115293680857571,0.122176190991692,0.129152052219072,0.136199809920496,0.143297615717759,0.15042342092343,0.157555155654146,0.164670890574284,0.171748979476481,0.178768182191636,0.18570776857238,0.192547605431539,0.199268229270558,0.205850908344077,0.212277698034698,0.218531493633634,0.224596084435828,0.230456212579031,0.236097639320388,0.241507220501747,0.246672991868661,0.251584263748435,0.256231723433118,0.260607542526829,0.26470548557013,0.268521015504838,0.272051391035434,0.275295750707652,0.278255178573725,0.280932746643118,0.283333529906851,0.28546459053774,0.287334928860999,0.288955399803878,0.29033859470878,0.291498689569986,0.292451261871066,0.293213079206179,0.293801863720883,0.294236037075661,0.294534451099539,0.294716109556443,0.294799886500321,0.294804246564137,0.294746972239364,0.294644902789159,0.294513688936078,0.294367566910481,0.294219154873019,0.294079274163594,0.29395679730357,0.293858524203869,0.293789087617322,0.293750888519582,0.293744061802813,0.293766472407857,0.293813741787792,0.29387930437041,0.293954493451334,0.294028655687221,0.294089293058178,0.294122230823346,0.294111809604176,0.294041099302976,0.293892132114008,0.293646151430754,0.293283873020715,0.292785754456002,0.292132268482496,0.291304175809102,0.290282792724566,0.28905024901862,0.287589731905448,0.285885712019641,0.283924148067077,0.281692667345262,0.279180720070467,0.276379706226702,0.273283074443674,0.269886393175341,0.266187395146415,0.262185996624589,0.257884293531496,0.253286536704847,0.24839908875783,0.243230364951472,0.237790760314157,0.232092564933674,0.22614986894362,0.219978458266776,0.213595701706314,0.207020429534843,0.200272803362509,0.193374176804194,0.186346946339544,0.179214391785278,0.172000505982207,0.164729813632838,0.157427179690561,0.150117608268677,0.142826033668823,0.135577105779508,0.128394972719447,0.121303064150843,0.114323879122274,0.10747878258409,0.100787814825664,0.0942695179993936,0.0879407836193871,0.0818167244642965,0.0759105736960133,0.0702336132611086,0.06479513280918,0.0596024194852446,0.0546607780766718,0.0499735801617232,0.0455423401547582,0.0413668155040256,0.0374451277947632,0.0337739011570103,0.0303484141787977,0.0271627614772252,0.0242100211708511,0.0214824247091889,0.0189715258270815,0.0166683657788822,0.0145636324445882,0.0126478113629344,0.0109113272125689,0.00934467471233512,0.00793853832937906,0.00668390055706607,0.00557213884499442,0.00459511152568439,0.00374523328478836,0.00301554086445428,0.00239974977532086,0.00189230282556417,0.0014884112604924,0.00118408924908076,0.000976182360574833,0.000862390551039396,0.000841286032726315,0.000912326234637412,0.00107586188699893,0.00133314008201403,0.00168630198490218,0.00213837469983931,0.0026932566422474,0.00335569563948674,0.0041312588840665,0.00502629380464951,0.00604787890768139,0.00720376368297602,0.00850229676540172,0.00995234170555993,0.0115631799263898,0.0133444007285092,0.015305778550102,0.0174571380789564,0.0198082082427924,0.0223684665535937,0.0251469757333265,0.0281522149807218,0.0313919086287233,0.0348728552665825,0.0386007606375715,0.0425800777539989,0.0468138576813994,0.0513036143252074,0.0560492063049416,0.0610487386297786,0.0662984864102558,0.0717928422759367,0.077524288546643,0.0834833945580634,0.0896588389060149,0.0960374557816212,0.102604304053249,0.109342757335589,0.116234612989428,0.123260217825953,0.130398608245513,0.137627662611815,0.144924263828946,0.152264470324225,0.159623693913751,0.166976883307098,0.174298712261088,0.181563771591799,0.188746764376422,0.195822703707287,0.20276711229278,0.209556223036126,0.216167179473986,0.222578234640473,0.228768946562874,0.234720368221341,0.240415229446665,0.245838107918478,0.250975586189493,0.255816391524252,0.260351515322863,0.264574309013706,0.268480553549485,0.2720685000256,0.275338879448073,0.278294880292848,0.280942093195147,0.283288422858206,0.285343968043196,0.287120871263228,0.288633140521436,0.28989644607603,0.290927895758072,0.291745792790068,0.292369380342015,0.292818577209729,0.29311370900954,0.293275239161935,0.29332350369902,0.293278453596527,0.293159407923752,0.292984820649929,0.29277206346896,0.292537226531053,0.292294938522132,0.292058207128462,0.291838280579082,0.291644530681362,0.291484357558935,0.291363116164835,0.291284064569182,0.291248333999248,0.291254920625555,0.291300699123679,0.291380458078877,0.291486957320687,0.291611007259002,0.291741570226193,0.291865883698738,0.291969605068535,0.292036977355358,0.292051014900609,0.291993707667212,0.291846242306102,0.291589237656367,0.291202991848575,0.290667737707276,0.289963902728909,0.289072369574722,0.287974732792016,0.286653547383471,0.285092564899743,0.283276952942725,0.281193494334802,0.278830762721804,0.276179272013714,0.273231597798189,0.26998246965121,0.266428834075996,0.262569888582619,0.258407088134947,0.253944125801025,0.249186889917173,0.244143400393552,0.238823726939356,0.23323989197032,0.227405760792758,0.221336921360352,0.215050555504566,0.208565303085507,0.201901120039141,0.195079130851371,0.188121475608709,0.181051151492944,0.173891848428554,0.166667778572333,0.1594034994592,0.152123730879879,0.144853165947688,0.137616277286351,0.130437119804416,0.123339132075185,0.11634493887267,0.109476157882952,0.102753213978898,0.0961951646831778,0.089819540526218,0.0836422039188393,0.0776772299004835,0.0719368117010041,0.0664311934846756,0.061168631956037,0.0561553877320276,0.0513957465618265,0.0468920696452765,0.0426448715025956,0.0386529231192068,0.0349133774617825,0.0314219139600939,0.028172898191147,0.0251595527961526,0.0223741356075036,0.0198081210547094,0.0174523811410478,0.0152973626169789,0.0133332573987872,0.0115501637659072,0.00993823639178216,0.00848782379553001,0.00718959232181024,0.00603463624369697,0.00501457402124805,0.00412163112393854,0.00334871012932321,0.00268944903820805,0.00213826889679557,0.00169041189039418,0.00134197107561691,0.00108991285491165,0.000932093176699422,0.000867268275442148
86,0.000433204624706915,0.000459222122984553,0.000572844497970592,0.000775510733516382,0.0010695344511439,0.00145809156516209,0.00194520242573713,0.00253570761043446,0.00323523634928629,0.00405016643964044,0.00498757443495732,0.00605517488567463,0.0072612474784854,0.0086145510694746,0.0101242238408895,0.0117996691323,0.0136504269023162,0.0156860312603245,0.0179158550574497,0.0203489431254669,0.022993836379651,0.0258583896295068,0.0289495865385763,0.0322733557065864,0.0358343922781278,0.0396359897766233,0.0436798869884291,0.0479661346532202,0.0524929864354394,0.0572568181504306,0.062252078503495,0.0674712736898609,0.0729049871317501,0.0785419344417502,0.0843690524569324,0.0903716199508435,0.0965334064697517,0.102836844723575,0.109263221153261,0.115792878746939,0.122405425924017,0.129079945368705,0.135795197071234,0.142529810504975,0.149262461789998,0.155972032810837,0.162637750497906,0.169239305769804,0.175756952886459,0.182171591102644,0.188464831467883,0.194619052334769,0.200617447572476,0.206444071613178,0.212083885283809,0.217522805910565,0.222747764463622,0.227746771584442,0.232508993269559,0.237024835842286,0.241286038700151,0.24528577225261,0.249018737526841,0.252481263175835,0.255671395116829,0.25858897378838,0.261235694053925,0.263615143094429,0.265732812202526,0.267596079180915,0.269214159012315,0.270598021551949,0.271760276136772,0.272715024147596,0.273477681643441,0.274064775160462,0.27449371458897,0.274782547680746,0.274949701177582,0.275013713785617,0.27499296625627,0.274905413691337,0.274768324894175,0.274598033173433,0.274409702506826,0.274217112426108,0.274032464425008,0.273866212148741,0.273726917120088,0.273621131308506,0.273553307462987,0.273525737806285,0.273538521420476,0.273589560428765,0.273674584879061,0.273787206042337,0.273918997634288,0.274059604235857,0.27419687591417,0.274317027723399,0.274404822394675,0.274443774112142,0.274416370832271,0.274304312155614,0.274088759329071,0.27375059357032,0.273270678593149,0.272630123000094,0.271810538120284,0.270794286922757,0.269564719837623,0.268106393669138,0.266405270275648,0.264448892301808,0.262226533949842,0.259729325533461,0.256950351330403,0.253884720995389,0.250529615473999,0.24688430893288,0.242950168663081,0.238730635200548,0.234231185030865,0.229459278205762,0.224424293009642,0.219137449498908,0.213611723327703,0.207861750809673,0.201903725689532,0.195755287653911,0.189435402239423,0.182964231532595,0.176362994928858,0.169653819243444,0.162859577651444,0.156003717270925,0.149110075673458,0.142202687181447,0.135305580453332,0.128442569521955,0.121637041091071,0.114911741463419,0.108288566928152,0.101788361739876,0.0954307279496579,0.0892338512853872,0.0832143470223693,0.0773871293450762,0.0717653070993531,0.0663601081025384,0.0611808333558397,0.0562348416322659,0.0515275640391433,0.0470625473197349,0.0428415239022711,0.0388645060586307,0.0351299010225763,0.031634643553298,0.0283743422192993,0.0253434356168798,0.0225353548155825,0.0199426885227805,0.0175573477595697,0.0153707272161794,0.0133738608823163,0.0115575700019555,0.00991260186084563,0.0084297583589737,0.00710001373350351,0.00591462116800216,0.00486520834252441,0.00394386224118314,0.00314320373704301,0.00245645261889827,0.00187748381305425,0.0014008755894145,0.00102195052974554,0.000736809982352923,0.000542362637288497,0.000436347735536067,0.000417353280390705,0.000484829455545926,0.000639097278461847,0.000881352335861028,0.00121366326745771,0.00163896449142673,0.00216104250822758,0.00278451498614445,0.00351480173045244,0.00435808657663829,0.00532126923443613,0.00641190615066242,0.00763813956076082,0.00900861406554584,0.0105323803023664,0.0122187855772636,0.014077351681619,0.0161176405243515,0.0183491086559849,0.0207809522270558,0.0234219443901233,0.0262802675991838,0.0293633436581975,0.0326776646972251,0.036228628487443,0.0400203816254947,0.0440556741087327,0.0483357286780079,0.0528601280236497,0.0576267225414193,0.0626315608052921,0.0678688443174116,0.0733309074334119,0.0790082226787671,0.084889431006122,0.0909613959309107,0.0972092799555394,0.103616641277213,0.110165548488884,0.116836710834696,0.123609621568149,0.130462712070281,0.137373514594804,0.144318831788696,0.151274911456981,0.158217625364602,0.165122651162741,0.171965656762161,0.178722486628686,0.185369349530433,0.191883007216384,0.198240963353884,0.204421651810091,0.210404623048146,0.216170727047887,0.221702290782179,0.226983287914676,0.231999498063749,0.236738652729396,0.241190564829879,0.245347238762032,0.249202957996315,0.252754347449932,0.256000408246327,0.258942522956873,0.261584430013437,0.263932166655322,0.265993980502785,0.267780210600387,0.26930313951428,0.270576818765719,0.27161687050888,0.272440268888647,0.273065104923066,0.273510339032258,0.273795545474102,0.273940652948241,0.273965685501815,0.273890507627468,0.273734577106018,0.273516708736198,0.273254851637684,0.272965882337131,0.272665415375363,0.272367632729674,0.272085132947334,0.27182880054911,0.271607695994198,0.271428966303922,0.271297776319354,0.271217260510868,0.271188495254239,0.271210491523538,0.271280208008128,0.271392584720523,0.271540597204358,0.271715331458723,0.271906079650358,0.272100456575591,0.272284536650763,0.27244301094974,0.272559363472179,0.272616065424923,0.272594785845612,0.272476616412201,0.27224230778927,0.271872514389586,0.271348044007193,0.270650108435712,0.269760570949758,0.268662186421207,0.26733882988187,0.265775709538352,0.263959560592703,0.261878816713434,0.259523756615498,0.256886623916199,0.25396171920112,0.250745464019462,0.247236437289487,0.243435385290518,0.239345207010963,0.234970917081651,0.230319588828965,0.225400280122521,0.220223944668405,0.214803331223985,0.209152872907322,0.203288568375074,0.197227856186108,0.190989483195422,0.184593367376725,0.178060455091462,0.171412572540862,0.164672270981447,0.15786266526909,0.151007265426996,0.144129801202528,0.137254039969429,0.130403598819187,0.123601752233878,0.116871237303336,0.110234059000299,0.103711298516765,0.0973229280551302,0.0910876357265795,0.0850226643125206,0.0791436675781514,0.0734645875867049,0.0679975560555182,0.0627528222380184,0.0577387091352501,0.0529615990700179,0.0484259488342979,0.0441343337867834,0.0400875194724488,0.03628455859726,0.0327229105510331,0.0293985801557227,0.0263062719429688,0.0234395560430371,0.0207910416983708,0.0183525544920308,0.0161153135906594,0.0140701056240824,0.0122074522361268,0.0105177688182342,0.00899151245279799,0.00761931762138597,0.0063921187506003,0.00530125915465811,0.00433858637178017,0.00349653426802349,0.00276819258818276,0.0021473648636201,0.00162861573975306,0.00120730886299263,0.00087963647237449,0.000642641781296034,0.00049423511758819,0.000433204624706915
87,0.000167052250561246,0.000191565746598647,0.000298832934323575,0.000490257453074332,0.000768093743324117,0.00113543458025359,0.00159619310215279,0.00215507851732932,0.00281756450298593,0.00358984918545815,0.00447880552310072,0.00549192091010733,0.0066372248896591,0.00792320401443166,0.00935870312584178,0.0109528126417786,0.0127147418436488,0.0146536786308158,0.016778636752558,0.0190982921179662,0.021620810400937,0.024353668773822,0.0273034751883351,0.0304757891419092,0.0338749482863591,0.0375039055186793,0.0413640813094691,0.0454552359469909,0.0497753660867376,0.0543206294908749,0.0590853011248197,0.0640617628690132,0.0692405280359475,0.0746103007019382,0.0801580686270588,0.0858692273098876,0.0917277315747651,0.0977162700857325,0.10381645738496,0.110009037515526,0.116274093045304,0.122591253379074,0.128939896628456,0.135299339982437,0.141649014444354,0.147968620917121,0.154238265857356,0.160438576003134,0.166550792929237,0.172556849320736,0.178439429811392,0.184182019951324,0.189768947308212,0.19518541884599,0.200417558562002,0.205452448914299,0.210278178869345,0.214883900495743,0.219259894982507,0.223397647839049,0.227289931909913,0.230930895780812,0.234316154228548,0.23744287663181,0.240309868755966,0.242917643081595,0.245268472876114,0.247366425506689,0.249217371040801,0.250828962944598,0.252210588622908,0.253373288594583,0.254329644204085,0.25509363487538,0.255680466960761,0.256106377175079,0.256388414394154,0.256544204205386,0.256591701011662,0.256548932702586,0.256433742927335,0.256263535849839,0.256055027966218,0.255824011149374,0.255585130592219,0.255351680785329,0.25513542212049,0.25494642018786,0.254792909353716,0.254681181783319,0.254615502716164,0.254598052508214,0.254628895719731,0.25470597733452,0.25482514602926,0.254980204250688,0.255162984684168,0.255363452492605,0.255569832456591,0.255768759847534,0.25594545351461,0.256083909269978,0.256167111228233,0.256177258315307,0.256096002733716,0.255904696783122,0.255584644116448,0.255117351289893,0.254484775363464,0.253669563344785,0.25265527945229,0.251426616504856,0.249969588213793,0.248271699740714,0.24632209456324,0.24411167642479,0.241633205895366,0.238881371795717,0.235852838397301,0.23254626986851,0.228962333864312,0.225103686431018,0.220974940510405,0.216582620279214,0.211935103363947,0.207042552649986,0.201916838990718,0.196571455655015,0.191021424872869,0.185283196392334,0.179374537587271,0.173314414390188,0.167122862195425,0.160820845902484,0.154430108453478,0.147973007556352,0.141472340758727,0.134951159617148,0.128432574355723,0.121939551082621,0.115494704285861,0.109120087914382,0.1028369888235,0.0966657266891306,0.0906254646455577,0.0847340348615337,0.0790077830357074,0.0734614353741027,0.0681079910304399,0.0629586422752538,0.0580227238503564,0.0533076921041293,0.0488191336348796,0.0445608023370374,0.0405346829869771,0.0367410788538977,0.0331787203005103,0.029844890963264,0.0267355678783113,0.0238455718444951,0.0211687243778814,0.0186980077971196,0.0164257252641821,0.0143436579671358,0.0124432170459822,0.0107155883053233,0.00915186820662411,0.0077431900688795,0.00648083981368418,0.00535636095679995,0.0043616488646846,0.00348903455581755,0.00273135853070773,0.00208203526134064,0.00153510906257228,0.00108530210809836,0.000728055346567227,0.000459563024238823,0.000276801434739471,0.000177552399539052,0.000160421840534655,0.000224853644454572,0.000371138843808556,0.000600419957227588,0.000914690150097216,0.00131678670172073,0.00181037810569396,0.00239994399403148,0.00309074697146606,0.00388879538291521,0.0048007960227278,0.00583409583655663,0.00699661177177469,0.00829674810450188,0.00974330081215763,0.0113453488683747,0.0131121327067053,0.0150529205213033,0.0171768635328811,0.019492841828843,0.0220093028660972,0.0247340951794639,0.0276743002421087,0.0308360657514179,0.0342244438403406,0.0378432378203294,0.041694861032989,0.0457802112158543,0.0500985634741936,0.0546474845050477,0.0594227701605409,0.0644184077915268,0.0696265641131567,0.0750375986186519,0.0806401018757811,0.0864209574103537,0.0923654253463023,0.0984572455594922,0.104678757830026,0.111011036352704,0.117434035983579,0.123926747747674,0.130467361385179,0.137033433039708,0.143602056557249,0.150150037231226,0.156654067162561,0.163090901672777,0.169437536389071,0.175671384697132,0.181770455223921,0.187713528871885,0.193480334689895,0.19905172355453,0.204409838273526,0.209538278341107,0.214422257203893,0.219048749567337,0.223406626015056,0.227486772051763,0.231282188634083,0.234788071334833,0.238001865500769,0.240923295108829,0.243554363491809,0.245899324674248,0.247964624710324,0.249758813120188,0.251292425248634,0.25257783708814,0.253629094785457,0.254461721657504,0.25509250605299,0.255539273790656,0.255820649169913,0.255955808678344,0.255964231513977,0.25586545090639,0.255678809973762,0.255423225512499,0.255116962705151,0.254777423276698,0.2544209491548,0.254062643221586,0.253716208305414,0.253393805170052,0.253105929930001,0.252861311063687,0.252666826014538,0.252527437261848,0.252446147702013,0.252423975194784,0.252459946183578,0.252551108375873,0.252692562549897,0.252877513617574,0.253097341102088,0.253341689164901,0.253598576228068,0.253854524074294,0.254094706065352,0.254303113801247,0.25446274115582,0.254555784183312,0.254563854914494,0.254468206574443,0.254249967284745,0.253890378890317,0.253371037204463,0.252674129722534,0.251782666737389,0.250680701815463,0.249353537769329,0.247787914590834,0.245972176278223,0.243896414081679,0.24155258437634,0.238934600115025,0.236038395574967,0.232861964851832,0.229405375229484,0.225670757128372,0.221662272778896,0.217386066057462,0.212850196051727,0.208064556888764,0.203040786177932,0.197792164112222,0.192333504869336,0.186681041494983,0.180852304977285,0.174865997774922,0.168741861681869,0.162500539632065,0.156163430893933,0.149752539093207,0.143290312638207,0.136799477398333,0.130302861887387,0.123823215701858,0.117383022526615,0.111004309607027,0.104708456155513,0.0985160036701768,0.0924464715549485,0.0865181817117446,0.0807480959007456,0.0751516696197351,0.0697427260329365,0.0645333530901638,0.0595338264348681,0.0547525600305173,0.0501960856716135,0.0458690617265262,0.0417743106247013,0.0379128837910365,0.0342841519830579,0.0308859183349448,0.0277145508827842,0.0247651309563153,0.0220316135840286,0.0195069959726024,0.0171834901821184,0.0150526963122436,0.0131057728228581,0.0113336010126831,0.00972694114606789,0.0082765782251386,0.00697345592649934,0.00580879773498381,0.00477421479076493,0.00386180040316825,0.00306421156142579,0.00237473808001317,0.00178736024872285,0.00129679601344923,0.00089853879420326,0.000588887056231806,0.000364966694539299,0.000224747179489316,0.000167052250561246
88,4.40733538435431E-05,6.73581017172338E-05,0.0001692851317226,0.000351223177863373,0.000615366570616553,0.000964722504253074,0.00140309278196489,0.00193504925235262,0.00256590198722411,0.00330165913248271,0.00414897730071429,0.00511510137476483,0.00620779266388654,0.00743524450407738,0.00880598462602822,0.0103287639287568,0.0120124316921701,0.0138657977308952,0.0158974825234735,0.0181157569290874,0.0205283737068629,0.023142393654134,0.0259640097493158,0.0289983731887479,0.0322494256101921,0.0357197420645261,0.039410389400624,0.0433208046412374,0.0474486976329615,0.0517899817447401,0.0563387356729026,0.0610871985059959,0.0660257991428057,0.0711432199878489,0.0764264936267275,0.081861129973115,0.0874312702474129,0.0931198631608548,0.0989088578987933,0.104779407973353,0.110712079784178,0.116687059804611,0.122684354697704,0.128683979340298,0.134666128653807,0.140611330250499,0.146500576135151,0.15231543297725,0.15803813170947,0.163651638337948,0.169139708801014,0.17448693143005,0.179678761009296,0.184701548579256,0.189542570978155,0.194190063683849,0.198633259838027,0.202862437453416,0.206868975782409,0.210645420728897,0.21418555808406,0.217484492330351,0.220538727849519,0.223346248644973,0.225906592188509,0.228220912754821,0.230292029626511,0.23212445583394,0.233724403618874,0.235099763545504,0.236260055082462,0.237216347492224,0.237981150932504,0.238568278739639,0.238992682871533,0.239270265388408,0.239417669603841,0.239452055117689,0.239390861330282,0.239251564230054,0.239051431252736,0.238807278847925,0.238535237085221,0.238250525219716,0.237967241651054,0.237698171187204,0.23745461199668,0.237246224129783,0.2370809010325,0.236964665080508,0.236901587831881,0.236893735434134,0.236941139415908,0.237041792931809,0.237191672392666,0.237384784282672,0.237613236819765,0.237867335938371,0.238135704850844,0.23840542616751,0.238662205224026,0.238890552884651,0.239073985674166,0.239195240659041,0.239236502074559,0.239179636306878,0.239006431516328,0.238698837958171,0.238239204943508,0.23761051040376,0.23679657918714,0.235782286525707,0.234553743557807,0.23309846235452,0.231405498552829,0.229465570408366,0.227271153807842,0.224816553484734,0.222097951321534,0.219113433161918,0.215862995967246,0.212348537413313,0.2085738301253,0.204544482692555,0.200267889402784,0.195753170310198,0.191011102835969,0.186054045630221,0.180895854944801,0.175551793318207,0.170038429998969,0.164373532266913,0.158575946680684,0.152665469302458,0.146662704133105,0.140588909327714,0.134465831234792,0.128315526884526,0.122160176205261,0.116021885929336,0.109922487813172,0.103883334395162,0.0979250960054706,0.0920675630873785,0.086329458062902,0.0807282609595783,0.0752800528063792,0.0699993804129233,0.0648991455873391,0.0599905211541172,0.0552828953415609,0.0507838452612667,0.0464991393434709,0.0424327677648319,0.0385869991479401,0.0349624611569753,0.0315582420858303,0.028372010149265,0.0254001469506719,0.0226378915096579,0.0200794912791295,0.0177183567489798,0.0155472165014538,0.0135582699287336,0.0117433352221824,0.0100939906715026,0.00860170774904741,0.00725797488064147,0.00605441120376146,0.00498286997457797,0.00403553159848385,0.00320498651892469,0.00248430840408081,0.00186711822010925,0.00134763987499515,0.000920748161731901,0.000582009727643848,0.000327717752893489,0.000154920940645679,6.14473092903939E-05,4.59231390257098E-05,0.000107787266652363,0.000247300749604284,0.00046555173941018,0.000764455222839783,0.00114674711341547,0.00161597201485984,0.00217646384004385,0.00283331836312548,0.00359235671795092,0.00446007884125953,0.00544360590280261,0.00655061087274841,0.00778923655419362,0.00916800065694207,0.0106956878061983,0.012381228760724,0.0142335675492055,0.0162615177064895,0.0184736092840697,0.0208779287991198,0.0234819547480749,0.0262923917173808,0.0293150064488882,0.0325544694358533,0.0360142057170391,0.0396962584863628,0.0436011689368703,0.0477278754122936,0.052073634458229,0.0566339657685253,0.0614026223396107,0.0663715864117569,0.0715310910315186,0.0768696663551745,0.0823742091685765,0.0880300735593425,0.0938211802701548,0.0997301420046292,0.105738401856221,0.111826382080673,0.117973640617337,0.124159033058369,0.130360878134264,0.136557125191905,0.142725522548519,0.148843785975042,0.154889766863375,0.160841619839276,0.166677969680346,0.172378077380528,0.177922005072458,0.183290779289408,0.18846655173988,0.193432756406429,0.198174261395994,0.202677513593885,0.206930673838758,0.210923740070231,0.214648655728978,0.218099400630113,0.221272061596993,0.224164880339236,0.226778276383736,0.229114843310858,0.231179317093659,0.232978515963546,0.234521251904384,0.235818214578754,0.236881829183336,0.237726090384285,0.238366375068942,0.238819237142313,0.2391021879755,0.239233466365238,0.239231801982322,0.239116176272753,0.238905584636631,0.238618803460089,0.238274165234244,0.237889344585123,0.237481157585332,0.237065376247651,0.236656559638021,0.23626790261297,0.235911102803607,0.235596246149196,0.235331711037302,0.235124090938333,0.234978135328113,0.234896708666144,0.234880767227881,0.234929353661461,0.235039609235004,0.235206803840183,0.235424383901418,0.235684038388567,0.235975783127548,0.236288063534077,0.236607875751353,0.236920905948856,0.237211687237929,0.237463773288234,0.23765992730112,0.237782324530682,0.237812766064732,0.237732901113563,0.237524454633294,0.237169456762205,0.236650470299512,0.235950812329697,0.235054766108279,0.233947779485833,0.232616646456145,0.231049668862085,0.229236795860276,0.227169739405427,0.224842064733135,0.222249255556806,0.219388754409186,0.216259979211444,0.21286431770656,0.209205101819059,0.205287564279083,0.2011187799649,0.196707594375304,0.192064541454099,0.187201752675821,0.182132858896234,0.176872886010905,0.171438144991295,0.165846116422304,0.160115329286895,0.154265233466211,0.148316065273105,0.142288705329464,0.136204528238401,0.130085243785502,0.12395272981233,0.117828857414142,0.111735309688549,0.105693395863183,0.0997238632165323,0.0938467097349392,0.0880810008814364,0.0824446941554018,0.0769544752703023,0.0716256097542432,0.0664718135791176,0.061505146054313,0.0567359276959134,0.0521726851271287,0.0478221243126898,0.0436891326167808,0.0397768093410817,0.0360865235870265,0.0326179975324825,0.0293694125510687,0.0263375350592328,0.0235178585712856,0.0209047581868126,0.0184916536308057,0.0162711770090783,0.0142353416176588,0.0123757084367644,0.010683547325322,0.00914999038589598,0.00776617546641587,0.00652337827881884,0.00541313212197406,0.004427334676085,0.00355834177070452,0.00279904840494643,0.00214295760685966,0.001584237953608,0.00111777073307212,0.000739187811996351,0.000444901289794481,0.0002321259667571,9.88955484776305E-05,4.40733538435431E-05
89,4.30517808031339E-05,6.53498837532505E-05,0.000162887301714118,0.000336998389138253,0.000589816463807211,0.000924260669519716,0.00134401727886752,0.00185351468606977,0.00245789118413195,0.00316295450943162,0.00397513207946326,0.00490141085441616,0.00594926582793971,0.00712657630272489,0.00844152933611833,0.00990251005083297,0.0115179788934402,0.013296336382165,0.0152457764044117,0.0173741296873351,0.0196886996505521,0.0221960934329348,0.0249020514354983,0.027811279206961,0.0309272858836431,0.0342522336477584,0.0377868027577819,0.0415300766069965,0.0454794509652835,0.049630571048862,0.0539772993493324,0.0585117162565864,0.0632241544627731,0.0681032669818633,0.0731361274170461,0.0783083599192343,0.0836042951706728,0.0890071477633524,0.0944992095820308,0.100062053295208,0.10567673983905,0.111324023866198,0.116984551521727,0.122639045580593,0.128268473894947,0.133854198199781,0.139378101543814,0.144822693874031,0.150171196529382,0.155407607517461,0.160516750390894,0.165484310253492,0.17029686087106,0.174941887017012,0.179407806046011,0.183683992275416,0.187760807096795,0.191629636884952,0.195282939777668,0.198714301330811,0.201918497978806,0.204891566217027,0.2076308745324,0.210135194394896,0.212404766127257,0.214441355220797,0.216248294673784,0.217830509192218,0.219194517592066,0.220348410445244,0.221301800875307,0.222065747381732,0.222652648598061,0.223076110912276,0.223350790844048,0.223492214935465,0.223516580630835,0.223440542169834,0.223280985880959,0.223054799435872,0.222778639618199,0.222468702991214,0.222140503544468,0.221808660991805,0.221486702917686,0.221186883460174,0.220920020710085,0.220695354524376,0.22052042601938,0.220400979639815,0.220340888398584,0.220342102648423,0.220404622570643,0.220526494433985,0.220703830569698,0.220930852906872,0.221199959794515,0.221501815686003,0.221825463063173,0.22215845572336,0.222487012241209,0.222796188053972,0.223070064216713,0.223291950451667,0.223444599698197,0.223510430984023,0.223471757113401,0.223311013431424,0.223010983799501,0.222555019923356,0.221927250322177,0.221112775516834,0.220097846438342,0.218870023596851,0.217418315179984,0.215733292933885,0.213807185382587,0.211633948621128,0.209209315535942,0.206530824826859,0.203597831599682,0.200411501546412,0.196974790821751,0.193292413660642,0.189370799574446,0.185218041635387,0.180843836941276,0.176259419882947,0.171477488356837,0.166512122617138,0.161378696086186,0.156093777173487,0.150675021020502,0.145141050107921,0.13951132284131,0.133805989564584,0.128045735921999,0.12225161407087,0.116444862902654,0.110646719116831,0.104878221663892,0.099160012684526,0.0935121385784895,0.0879538552017873,0.0825034413865937,0.0771780249876579,0.0719934254766463,0.0669640167390973,0.062102613196114,0.0574203817032965,0.052926780909142,0.0486295289256414,0.0445345993184074,0.0406462446047285,0.0369670456939528,0.0334979850480488,0.0302385408057941,0.0271867987178573,0.0243395784891826,0.0216925710181637,0.0192404830501671,0.0169771859109522,0.0148958652338673,0.0129891689210201,0.0112493509595389,0.0096684091265393,0.00823821503918343,0.00695063542050385,0.00579764384186798,0.00477142255693534,0.0038644543509519,0.00306960458769524,0.00238019384157526,0.00179006165390178,0.00129362205156261,0.000885911516087344,0.00056263009500127,0.000320176309815451,0.000155676440642904,6.70086612265487E-05,5.2822365289617E-05,0.000112552871022477,0.000246431521022157,0.00045549101641592,0.000741565643151773,0.00110728587314038,0.00155606666140639,0.00209208862160466,0.00272027115558317,0.00344623654767137,0.00427626402029716,0.0052172327927921,0.00627655329675072,0.00746208588376078,0.00878204661647534,0.0102449000599694,0.0118592393810315,0.0136336545078086,0.0155765895856874,0.0176961914676442,0.02000015147484,0.0224955431295136,0.0251886589693179,0.0280848498726077,0.0311883705325825,0.0345022347937433,0.0380280844923434,0.0417660752168994,0.0457147820281941,0.049871127663096,0.054230335115214,0.0587859057686637,0.06352962349669,0.0684515843663857,0.0735402508573859,0.078782528847265,0.0841638650751927,0.0896683623959171,0.095278909895575,0.100977324864758,0.106744503706057,0.112560579074938,0.118405080886455,0.124257099230804,0.130095447688695,0.135898825982583,0.141645981303943,0.147315867987232,0.152887805432874,0.158341634298635,0.163657870975288,0.168817860242685,0.173803925779499,0.178599517894943,0.183189357490598,0.187559574875564,0.191697841680409,0.195593493776155,0.199237642832456,0.202623273968454,0.205745326879359,0.208600757873754,0.211188580435952,0.213509882232311,0.215567816900749,0.217367569482992,0.218916294957662,0.220223029983098,0.221298578632638,0.222155373571505,0.222807314752929,0.223269588273809,0.223558468502128,0.223691106950283,0.22368531160683,0.22355932054765,0.223331573626448,0.223020485901598,0.222644226205069,0.22222050391852,0.221766366614371,0.221298010770719,0.220830607304258,0.220378143209658,0.21995328016975,0.219567230627328,0.219229651500778,0.218948555491329,0.218730239773196,0.218579231777507,0.218498251769653,0.218488191966103,0.218548112025503,0.218675250861851,0.218865054845187,0.219111222557316,0.219405766337378,0.219739090867487,0.220100088998138,0.220476254887133,0.220853814319751,0.221217871793304,0.221552573593059,0.221841285672421,0.222066784696841,0.222211460141871,0.222257524878069,0.222187231257942,0.221983089371689,0.22162808388595,0.221105885745868,0.220401055022185,0.219499231330921,0.218387308543762,0.217053590933468,0.215487928442143,0.213681829394436,0.211628549668984,0.209323158051629,0.206762578182679,0.203945608138354,0.200872919217862,0.197547035912946,0.193972299295746,0.190154816163157,0.186102396222528,0.181824479406632,0.177332055087729,0.172637574552201,0.16775485763609,0.16269899394847,0.157486238665638,0.152133902503027,0.146660235197326,0.141084301684147,0.135425850152946,0.129705171306312,0.123942948439704,0.118160098373947,0.112377603790659,0.106616338106607,0.100896884637817,0.0952393524061592,0.0896631914881001,0.0841870112582297,0.0788284052053593,0.0736037861702504,0.0685282358548042,0.0636153722765086,0.0588772384936633,0.054324215421265,0.0499649609186441,0.0458063765897016,0.0418536029320152,0.0381100426421648,0.0345774110716582,0.0312558120689535,0.02814383677197,0.0252386823596538,0.0225362873505774,0.0200314797629519,0.0177181343271987,0.0155893349647931,0.0136375389038473,0.0118547390753912,0.0102326218027996,0.00876271723579672,0.00743654046434709,0.00624572175121588,0.00518212482140972,0.00423795262106998,0.00340584039005238,0.00267893626758644,0.00205096995925596,0.00151631023020185,0.00107001215169826,0.00070785511713146,0.000426372662703856,0.000222875083904636,9.54657386388967E-05,4.30517808031339E-05
90,0.000146008432833347,0.000167531499239399,0.000261567920778119,0.000429418207726557,0.000673153699469941,0.000995602892896355,0.00140033215617753,0.00189162012062717,0.00247442489672481,0.00315434315725382,0.00393756007970548,0.00483078914978465,0.00584120090506037,0.00697633984804404,0.00824402898466788,0.00965226174800583,0.0112090814455244,0.0129224488146332,0.0148000987748426,0.0168493880096683,0.0190771355769661,0.0214894593074769,0.024091611278979,0.0268878161158204,0.0298811162277537,0.0330732283358142,0.0364644157073776,0.0400533804140527,0.0438371796191892,0.047811169391212,0.0519689788313002,0.0563025164185944,0.0608020094455592,0.0654560762848674,0.070251830051735,0.075175011063625,0.0802101444174645,0.0853407180666305,0.0905493760437705,0.0958181209886858,0.101128519936457,0.106461907416233,0.111799580303303,0.117122979534863,0.122413854704006,0.127654408632239,0.132827420221903,0.137916345132715,0.1429053950357,0.14777959730033,0.152524837901948,0.157127891043539,0.161576439430775,0.165859089301366,0.169965384186439,0.17388582098805,0.177611871324524,0.181136010269379,0.184451753646323,0.18755370400548,0.190437604360789,0.193100397780921,0.19554029005632,0.19775681196513,0.199750877171482,0.201524831537693,0.203082489629664,0.204429154438744,0.205571616815755,0.206518131782506,0.207278369711189,0.207863341292577,0.208285296195983,0.208557596302503,0.208694565316178,0.208711317379377,0.208623568001768,0.208447431130106,0.208199206524117,0.207895161759136,0.207551313157609,0.207183209777432,0.206805724281974,0.206432854115951,0.206077535947839,0.205751475847295,0.205464997177187,0.205226907721207,0.205044387160595,0.204922895670284,0.204866104131467,0.204875846251658,0.204952092735709,0.205092947547218,0.205294666220457,0.205551696107964,0.2058567383576,0.206200831287008,0.206573454648775,0.206962654047474,0.207355184478253,0.207736671610829,0.208091789055059,0.208404449433324,0.208658006674798,0.208835466564569,0.208919702255049,0.208893671205733,0.208740629884053,0.208444342553034,0.207989280601501,0.207360809141342,0.206545357996187,0.205530574719602,0.20430545788282,0.202860469529624,0.201187626371776,0.199280569953135,0.197134616605704,0.194746788521327,0.192115827640234,0.189242194291939,0.186128052605182,0.182777244632635,0.179195254924735,0.175389166957175,0.171367612398933,0.167140713739067,0.162720020311817,0.158118437312511,0.153350147021161,0.148430521181282,0.143376023345802,0.138204100017917,0.132933059589337,0.127581938407142,0.122170353767208,0.116718344210545,0.111246198153262,0.105774272569617,0.100322804125186,0.0949117157777266,0.0895604223840519,0.0842876392349143,0.0791111976582693,0.0740478718663983,0.0691132210681563,0.0643214505300518,0.0596852947664117,0.0552159253969175,0.050922885464545,0.046814051198705,0.0428956213796489,0.0391721336526929,0.0356465063926966,0.0323201040629741,0.0291928234733712,0.0262631979361645,0.0235285160535343,0.0209849517460581,0.0186277021399715,0.0164511300576901,0.0144489080826612,0.0126141614745218,0.0109396075711491,0.00941768970814242,0.00804070409275869,0.0068009184699394,0.00569068179744528,0.00470252449317759,0.00382924912172323,0.00306401164331275,0.00240039355373069,0.00183246539753508,0.00135484224026671,0.000962731740519008,0.000651975473071414,0.000419084123650888,0.000261267108567397,0.000176457073051566,0.000163329595474241,0.000221318275951016,0.000350625222788395,0.000552226775048449,0.000827874121136717,0.00118008829947958,0.00161214890657156,0.00212807569917062,0.00273260217093782,0.00343114011926901,0.00422973420507551,0.00513500555558308,0.00615408357501317,0.00729452531514167,0.0085642220189625,0.0099712927839716,0.0115239656904955,0.013230447193804,0.0150987810703932,0.0171366987181345,0.0193514631123521,0.0217497091878953,0.0243372838221391,0.027119088907335,0.0300989311971155,0.0332793826702798,0.0366616550609366,0.0402454919518729,0.0440290814214473,0.0480089916873846,0.0521801315274658,0.0565357365099212,0.0610673812748116,0.0657650173154357,0.0706170349604386,0.0756103475949859,0.0807304956195749,0.0859617672555367,0.091287333083906,0.0966893911536912,0.102149319608706,0.107647834039332,0.113165147137214,0.118681128679943,0.124175464358246,0.129627812438117,0.13501795768581,0.140325962341007,0.145532314177547,0.150618071825979,0.15556500754243,0.160355747498514,0.164973909451179,0.169404237350989,0.173632732089724,0.177646777204021,0.181435257973203,0.184988672007439,0.188299229145424,0.191360938292711,0.19416967875101,0.196723253627102,0.199021423072265,0.20106591538714,0.202860414423618,0.204410522209213,0.20572369628958,0.206809161906103,0.207677799769693,0.208342010829366,0.208815560035662,0.209113401636846,0.209251488996366,0.209246572263973,0.209115987457169,0.208877440607718,0.208548790600254,0.208147834183701,0.207692096384651,0.207198629213419,0.206683821150616,0.206163219459363,0.205651366911169,0.205161654066649,0.204706187837952,0.204295676696908,0.203939332595714,0.203644789444728,0.203418037848235,0.203263375732177,0.203183374500771,0.203178860420181,0.203248911031575,0.203390866524955,0.203600356139277,0.203871339773444,0.204196165077389,0.204565640325405,0.204969123341036,0.205394626634424,0.205828938724311,0.206257761348938,0.206665861929848,0.207037240253033,0.207355307891459,0.207603078434786,0.207763366142753,0.207818990226501,0.207752981615633,0.207548788814429,0.207190479310939,0.206662932994158,0.205952024166342,0.205044789010266,0.203929575776122,0.202596175472119,0.20103593145072,0.199241826946017,0.197208550299809,0.194932538275007,0.192411998456545,0.189646912247008,0.186639020348102,0.183391792859805,0.179910386216493,0.176201589114641,0.172273759381755,0.168136753413054,0.163801849391723,0.159281665047007,0.154590070232339,0.149742094164013,0.144753826787872,0.139642313470481,0.134425442067797,0.129121821424711,0.12375065050875,0.118331577675346,0.112884549984702,0.107429653015927,0.101986942219752,0.096576267477905,0.0912170931535279,0.0859283164809193,0.0807280876150891,0.0756336350081252,0.0706610999735647,0.0658253843245359,0.061140014819279,0.0566170278224583,0.0522668771063741,0.0480983670960854,0.0441186131374616,0.0403330295737471,0.0367453455938639,0.0333576480044651,0.0301704493157875,0.0271827788526001,0.0243922940339312,0.0217954085294025,0.019387433708409,0.0171627296553252,0.0151148620256742,0.0132367611540508,0.0115208800778535,0.00995934849049737,0.00854412005977821,0.0072671110162307,0.00612032840760555,0.00509598690544208,0.00418661351709215,0.00338513998371393,0.00268498301771585,0.00208011284185712,0.00156511073059028,0.00113521641980175,0.000786366344687709,0.000515223690685657,0.000319201205012229,0.000196477623995968,0.000146008432833347
